0.00 0.0000
0.01 0.0000
0.02 0.0000
0.03 0.0000
0.04 0.0000
0.05 0.0000
0.06 0.0000
0.07 0.0000
0.08 0.0000
0.09 0.0000
0.10 0.0000
0.11 0.0000
0.12 0.0000
0.13 0.0000
0.14 0.0000
0.15 0.0000
0.16 0.0000
0.17 0.0000
0.18 0.0000
0.19 0.0000
0.20 0.0000
0.21 0.0000
0.22 0.0000
0.23 0.0000
0.24 0.0000
0.25 0.0000
0.26 0.0000
0.27 0.0000
0.28 0.0000
0.29 0.0000
0.30 0.0000
0.31 0.0000
0.32 0.0000
0.33 0.0000
0.34 0.0000
0.35 0.0000
0.36 0.0000
0.37 0.0000
0.38 0.0000
0.39 0.0000
0.40 0.0000
0.41 0.0000
0.42 0.0000
0.43 0.0000
0.44 0.0000
0.45 0.0000
0.46 0.0000
0.47 0.0000
0.48 0.0000
0.49 0.0000
0.50 0.0000
0.51 0.0000
0.52 0.0000
0.53 0.0000
0.54 0.0000
0.55 0.0000
0.56 0.0000
0.57 0.0000
0.58 0.0000
0.59 0.0000
0.60 0.0000
0.61 0.0000
0.62 0.0000
0.63 0.0000
0.64 0.0000
0.65 0.0000
0.66 0.0000
0.67 0.0000
0.68 0.0000
0.69 0.0000
0.70 0.0000
0.71 0.0000
0.72 0.0000
0.73 0.0000
0.74 0.0000
0.75 0.0000
0.76 0.0000
0.77 0.0000
0.78 0.0000
0.79 0.0000
0.80 0.0000
0.81 0.0000
0.82 0.0000
0.83 0.0000
0.84 0.0000
0.85 0.0000
0.86 0.0000
0.87 0.0000
0.88 0.0000
0.89 0.0000
0.90 0.0000
0.91 0.0000
0.92 0.0000
0.93 0.0000
0.94 0.0000
0.95 0.0000
0.96 0.0000
0.97 0.0000
0.98 0.0000
0.99 0.0000
1.00 0.0000
1.01 0.0000
1.02 0.0000
1.03 0.0000
1.04 0.0000
1.05 0.0000
1.06 0.0000
1.07 0.0000
1.08 0.0000
1.09 0.0000
1.10 0.0000
1.11 0.0000
1.12 0.0000
1.13 0.0000
1.14 0.0000
1.15 0.0000
1.16 0.0000
1.17 0.0000
1.18 0.0000
1.19 0.0000
1.20 0.0000
1.21 0.0000
1.22 0.0000
1.23 0.0000
1.24 0.0000
1.25 0.0000
1.26 0.0000
1.27 0.0000
1.28 0.0000
1.29 0.0000
1.30 0.0000
1.31 0.0000
1.32 0.0000
1.33 0.0000
1.34 0.0000
1.35 0.0000
1.36 0.0000
1.37 299.0138
1.38 301.1805
1.39 302.2698
1.40 303.3630
1.41 304.4602
1.42 304.4602
1.43 304.4602
1.44 305.5613
1.45 305.5613
1.46 305.5613
1.47 306.6664
1.48 306.6664
1.49 306.6664
1.50 307.7755
1.51 307.7755
1.52 307.7755
1.53 307.7755
1.54 307.7755
1.55 307.7755
1.56 307.7755
1.57 307.7755
1.58 307.7755
1.59 308.8886
1.60 308.8886
1.61 308.8886
1.62 308.8886
1.63 308.8886
1.64 308.8886
1.65 308.8886
1.66 308.8886
1.67 308.8886
1.68 308.8886
1.69 308.8886
1.70 308.8886
1.71 308.8886
1.72 310.0058
1.73 310.0058
1.74 310.0058
1.75 311.1270
1.76 311.1270
1.77 311.1270
1.78 311.1270
1.79 311.1270
1.80 311.1270
1.81 311.1270
1.82 311.1270
1.83 312.2522
1.84 312.2522
1.85 313.3815
1.86 316.7940
1.87 316.7940
1.88 316.7940
1.89 316.7940
1.90 315.6524
1.91 314.5149
1.92 313.3815
1.93 312.2522
1.94 311.1270
1.95 310.0058
1.96 308.8886
1.97 308.8886
1.98 302.2698
1.99 302.2698
2.00 299.0138
2.01 297.9362
2.02 292.6065
2.03 291.5521
2.04 289.4546
2.05 289.4546
2.06 289.4546
2.07 289.4546
2.08 289.4546
2.09 289.4546
2.10 290.5014
2.11 290.5014
2.12 290.5014
2.13 291.5521
2.14 292.6065
2.15 292.6065
2.16 293.6648
2.17 293.6648
2.18 293.6648
2.19 293.6648
2.20 293.6648
2.21 293.6648
2.22 293.6648
2.23 293.6648
2.24 293.6648
2.25 293.6648
2.26 293.6648
2.27 293.6648
2.28 293.6648
2.29 293.6648
2.30 293.6648
2.31 293.6648
2.32 293.6648
2.33 293.6648
2.34 293.6648
2.35 293.6648
2.36 293.6648
2.37 294.7269
2.38 294.7269
2.39 294.7269
2.40 294.7269
2.41 294.7269
2.42 294.7269
2.43 295.7928
2.44 295.7928
2.45 295.7928
2.46 295.7928
2.47 295.7928
2.48 295.7928
2.49 295.7928
2.50 295.7928
2.51 295.7928
2.52 295.7928
2.53 295.7928
2.54 295.7928
2.55 295.7928
2.56 295.7928
2.57 295.7928
2.58 295.7928
2.59 295.7928
2.60 295.7928
2.61 295.7928
2.62 295.7928
2.63 295.7928
2.64 295.7928
2.65 295.7928
2.66 295.7928
2.67 295.7928
2.68 295.7928
2.69 294.7269
2.70 294.7269
2.71 294.7269
2.72 294.7269
2.73 294.7269
2.74 294.7269
2.75 295.7928
2.76 295.7928
2.77 295.7928
2.78 295.7928
2.79 296.8626
2.80 296.8626
2.81 296.8626
2.82 296.8626
2.83 295.7928
2.84 295.7928
2.85 295.7928
2.86 295.7928
2.87 295.7928
2.88 295.7928
2.89 295.7928
2.90 295.7928
2.91 294.7269
2.92 294.7269
2.93 294.7269
2.94 294.7269
2.95 294.7269
2.96 295.7928
2.97 295.7928
2.98 295.7928
2.99 295.7928
3.00 295.7928
3.01 295.7928
3.02 295.7928
3.03 294.7269
3.04 294.7269
3.05 293.6648
3.06 293.6648
3.07 293.6648
3.08 293.6648
3.09 293.6648
3.10 293.6648
3.11 294.7269
3.12 295.7928
3.13 295.7928
3.14 296.8626
3.15 296.8626
3.16 296.8626
3.17 296.8626
3.18 296.8626
3.19 296.8626
3.20 296.8626
3.21 295.7928
3.22 295.7928
3.23 294.7269
3.24 294.7269
3.25 293.6648
3.26 292.6065
3.27 292.6065
3.28 292.6065
3.29 292.6065
3.30 292.6065
3.31 293.6648
3.32 293.6648
3.33 294.7269
3.34 296.8626
3.35 296.8626
3.36 297.9362
3.37 297.9362
3.38 297.9362
3.39 297.9362
3.40 297.9362
3.41 295.7928
3.42 295.7928
3.43 294.7269
3.44 293.6648
3.45 291.5521
3.46 290.5014
3.47 289.4546
3.48 289.4546
3.49 289.4546
3.50 289.4546
3.51 290.5014
3.52 291.5521
3.53 292.6065
3.54 293.6648
3.55 294.7269
3.56 295.7928
3.57 296.8626
3.58 297.9362
3.59 297.9362
3.60 297.9362
3.61 297.9362
3.62 296.8626
3.63 295.7928
3.64 294.7269
3.65 293.6648
3.66 292.6065
3.67 291.5521
3.68 291.5521
3.69 291.5521
3.70 292.6065
3.71 293.6648
3.72 295.7928
3.73 295.7928
3.74 296.8626
3.75 296.8626
3.76 296.8626
3.77 296.8626
3.78 296.8626
3.79 295.7928
3.80 295.7928
3.81 294.7269
3.82 294.7269
3.83 293.6648
3.84 292.6065
3.85 291.5521
3.86 290.5014
3.87 290.5014
3.88 290.5014
3.89 290.5014
3.90 290.5014
3.91 290.5014
3.92 290.5014
3.93 291.5521
3.94 292.6065
3.95 292.6065
3.96 292.6065
3.97 292.6065
3.98 292.6065
3.99 293.6648
4.00 293.6648
4.01 293.6648
4.02 293.6648
4.03 293.6648
4.04 293.6648
4.05 293.6648
4.06 293.6648
4.07 293.6648
4.08 293.6648
4.09 293.6648
4.10 292.6065
4.11 291.5521
4.12 290.5014
4.13 289.4546
4.14 289.4546
4.15 289.4546
4.16 289.4546
4.17 290.5014
4.18 290.5014
4.19 291.5521
4.20 291.5521
4.21 292.6065
4.22 293.6648
4.23 294.7269
4.24 296.8626
4.25 297.9362
4.26 297.9362
4.27 297.9362
4.28 297.9362
4.29 297.9362
4.30 297.9362
4.31 296.8626
4.32 295.7928
4.33 293.6648
4.34 290.5014
4.35 290.5014
4.36 290.5014
4.37 291.5521
4.38 291.5521
4.39 292.6065
4.40 294.7269
4.41 296.8626
4.42 297.9362
4.43 297.9362
4.44 297.9362
4.45 296.8626
4.46 296.8626
4.47 295.7928
4.48 295.7928
4.49 293.6648
4.50 293.6648
4.51 292.6065
4.52 292.6065
4.53 292.6065
4.54 292.6065
4.55 292.6065
4.56 293.6648
4.57 293.6648
4.58 294.7269
4.59 295.7928
4.60 295.7928
4.61 295.7928
4.62 295.7928
4.63 295.7928
4.64 295.7928
4.65 0.0000
4.66 0.0000
4.67 0.0000
4.68 0.0000
4.69 0.0000
4.70 0.0000
4.71 0.0000
4.72 0.0000
4.73 0.0000
4.74 0.0000
4.75 0.0000
4.76 0.0000
4.77 0.0000
4.78 0.0000
4.79 0.0000
4.80 591.5856
4.81 591.5856
4.82 591.5856
4.83 589.4537
4.84 589.4537
4.85 589.4537
4.86 589.4537
4.87 0.0000
4.88 0.0000
4.89 0.0000
4.90 0.0000
4.91 0.0000
4.92 0.0000
4.93 0.0000
4.94 0.0000
4.95 0.0000
4.96 0.0000
4.97 0.0000
4.98 0.0000
4.99 0.0000
5.00 0.0000
5.01 0.0000
5.02 0.0000
5.03 0.0000
5.04 0.0000
5.05 0.0000
5.06 0.0000
5.07 0.0000
5.08 0.0000
5.09 0.0000
5.10 0.0000
5.11 0.0000
5.12 0.0000
5.13 0.0000
5.14 0.0000
5.15 0.0000
5.16 0.0000
5.17 0.0000
5.18 0.0000
5.19 0.0000
5.20 0.0000
5.21 0.0000
5.22 0.0000
5.23 0.0000
5.24 0.0000
5.25 0.0000
5.26 0.0000
5.27 0.0000
5.28 0.0000
5.29 0.0000
5.30 0.0000
5.31 0.0000
5.32 0.0000
5.33 0.0000
5.34 0.0000
5.35 0.0000
5.36 0.0000
5.37 0.0000
5.38 0.0000
5.39 0.0000
5.40 0.0000
5.41 0.0000
5.42 0.0000
5.43 0.0000
5.44 260.6828
5.45 260.6828
5.46 260.6828
5.47 260.6828
5.48 260.6828
5.49 260.6828
5.50 260.6828
5.51 260.6828
5.52 261.6256
5.53 261.6256
5.54 261.6256
5.55 261.6256
5.56 261.6256
5.57 261.6256
5.58 261.6256
5.59 261.6256
5.60 261.6256
5.61 261.6256
5.62 261.6256
5.63 261.6256
5.64 261.6256
5.65 261.6256
5.66 261.6256
5.67 261.6256
5.68 261.6256
5.69 262.5718
5.70 262.5718
5.71 262.5718
5.72 262.5718
5.73 262.5718
5.74 262.5718
5.75 262.5718
5.76 263.5214
5.77 263.5214
5.78 264.4745
5.79 264.4745
5.80 264.4745
5.81 264.4745
5.82 264.4745
5.83 264.4745
5.84 264.4745
5.85 264.4745
5.86 264.4745
5.87 264.4745
5.88 264.4745
5.89 265.4310
5.90 265.4310
5.91 265.4310
5.92 265.4310
5.93 265.4310
5.94 265.4310
5.95 270.2657
5.96 271.2432
5.97 274.1968
5.98 277.1826
5.99 278.1851
6.00 283.2521
6.01 288.4115
6.02 290.5014
6.03 293.6648
6.04 295.7928
6.05 296.8626
6.06 297.9362
6.07 299.0138
6.08 299.0138
6.09 299.0138
6.10 299.0138
6.11 297.9362
6.12 296.8626
6.13 294.7269
6.14 293.6648
6.15 293.6648
6.16 293.6648
6.17 293.6648
6.18 294.7269
6.19 294.7269
6.20 294.7269
6.21 294.7269
6.22 294.7269
6.23 294.7269
6.24 294.7269
6.25 293.6648
6.26 293.6648
6.27 293.6648
6.28 293.6648
6.29 293.6648
6.30 293.6648
6.31 293.6648
6.32 293.6648
6.33 293.6648
6.34 293.6648
6.35 293.6648
6.36 293.6648
6.37 293.6648
6.38 293.6648
6.39 293.6648
6.40 293.6648
6.41 293.6648
6.42 293.6648
6.43 293.6648
6.44 294.7269
6.45 294.7269
6.46 294.7269
6.47 294.7269
6.48 294.7269
6.49 294.7269
6.50 294.7269
6.51 292.6065
6.52 291.5521
6.53 290.5014
6.54 290.5014
6.55 290.5014
6.56 290.5014
6.57 290.5014
6.58 291.5521
6.59 292.6065
6.60 292.6065
6.61 297.9362
6.62 302.2698
6.63 311.1270
6.64 316.7940
6.65 320.2437
6.66 330.8197
6.67 336.8455
6.68 349.2282
6.69 353.0311
6.70 354.3079
6.71 354.3079
6.72 354.3079
6.73 354.3079
6.74 354.3079
6.75 353.0311
6.76 351.7589
6.77 350.4913
6.78 350.4913
6.79 349.2282
6.80 347.9697
6.81 347.9697
6.82 347.9697
6.83 347.9697
6.84 347.9697
6.85 347.9697
6.86 349.2282
6.87 349.2282
6.88 350.4913
6.89 350.4913
6.90 350.4913
6.91 350.4913
6.92 349.2282
6.93 349.2282
6.94 349.2282
6.95 349.2282
6.96 349.2282
6.97 349.2282
6.98 349.2282
6.99 347.9697
7.00 347.9697
7.01 347.9697
7.02 347.9697
7.03 347.9697
7.04 347.9697
7.05 347.9697
7.06 347.9697
7.07 347.9697
7.08 349.2282
7.09 349.2282
7.10 349.2282
7.11 349.2282
7.12 349.2282
7.13 349.2282
7.14 349.2282
7.15 349.2282
7.16 347.9697
7.17 347.9697
7.18 345.4663
7.19 342.9810
7.20 341.7450
7.21 341.7450
7.22 341.7450
7.23 341.7450
7.24 345.4663
7.25 349.2282
7.26 353.0311
7.27 353.0311
7.28 355.5893
7.29 366.0088
7.30 372.6756
7.31 372.6756
7.32 378.0962
7.33 384.9831
7.34 387.7729
7.35 390.5828
7.36 393.4132
7.37 393.4132
7.38 393.4132
7.39 393.4132
7.40 393.4132
7.41 391.9954
7.42 391.9954
7.43 391.9954
7.44 390.5828
7.45 389.1753
7.46 389.1753
7.47 389.1753
7.48 389.1753
7.49 389.1753
7.50 389.1753
7.51 389.1753
7.52 389.1753
7.53 389.1753
7.54 389.1753
7.55 389.1753
7.56 389.1753
7.57 390.5828
7.58 390.5828
7.59 390.5828
7.60 390.5828
7.61 390.5828
7.62 390.5828
7.63 390.5828
7.64 390.5828
7.65 391.9954
7.66 391.9954
7.67 391.9954
7.68 391.9954
7.69 391.9954
7.70 391.9954
7.71 391.9954
7.72 390.5828
7.73 390.5828
7.74 390.5828
7.75 389.1753
7.76 389.1753
7.77 389.1753
7.78 390.5828
7.79 390.5828
7.80 391.9954
7.81 391.9954
7.82 391.9954
7.83 391.9954
7.84 391.9954
7.85 391.9954
7.86 391.9954
7.87 390.5828
7.88 390.5828
7.89 389.1753
7.90 389.1753
7.91 389.1753
7.92 389.1753
7.93 389.1753
7.94 389.1753
7.95 389.1753
7.96 389.1753
7.97 389.1753
7.98 389.1753
7.99 389.1753
8.00 389.1753
8.01 389.1753
8.02 389.1753
8.03 389.1753
8.04 389.1753
8.05 389.1753
8.06 389.1753
8.07 390.5828
8.08 390.5828
8.09 391.9954
8.10 391.9954
8.11 391.9954
8.12 391.9954
8.13 391.9954
8.14 390.5828
8.15 390.5828
8.16 390.5828
8.17 390.5828
8.18 390.5828
8.19 390.5828
8.20 390.5828
8.21 391.9954
8.22 391.9954
8.23 391.9954
8.24 391.9954
8.25 391.9954
8.26 390.5828
8.27 390.5828
8.28 389.1753
8.29 389.1753
8.30 389.1753
8.31 389.1753
8.32 389.1753
8.33 389.1753
8.34 389.1753
8.35 390.5828
8.36 391.9954
8.37 393.4132
8.38 394.8360
8.39 396.2640
8.40 396.2640
8.41 396.2640
8.42 396.2640
8.43 396.2640
8.44 396.2640
8.45 396.2640
8.46 396.2640
8.47 396.2640
8.48 396.2640
8.49 396.2640
8.50 396.2640
8.51 396.2640
8.52 394.8360
8.53 394.8360
8.54 393.4132
8.55 393.4132
8.56 393.4132
8.57 394.8360
8.58 394.8360
8.59 396.2640
8.60 396.2640
8.61 396.2640
8.62 394.8360
8.63 394.8360
8.64 393.4132
8.65 391.9954
8.66 387.7729
8.67 342.9810
8.68 342.9810
8.69 342.9810
8.70 342.9810
8.71 344.2214
8.72 344.2214
8.73 345.4663
8.74 346.7158
8.75 346.7158
8.76 347.9697
8.77 347.9697
8.78 347.9697
8.79 347.9697
8.80 347.9697
8.81 347.9697
8.82 347.9697
8.83 347.9697
8.84 347.9697
8.85 347.9697
8.86 347.9697
8.87 349.2282
8.88 349.2282
8.89 349.2282
8.90 347.9697
8.91 347.9697
8.92 347.9697
8.93 347.9697
8.94 347.9697
8.95 347.9697
8.96 347.9697
8.97 347.9697
8.98 349.2282
8.99 349.2282
9.00 349.2282
9.01 349.2282
9.02 349.2282
9.03 349.2282
9.04 349.2282
9.05 349.2282
9.06 347.9697
9.07 347.9697
9.08 346.7158
9.09 346.7158
9.10 346.7158
9.11 347.9697
9.12 347.9697
9.13 347.9697
9.14 347.9697
9.15 347.9697
9.16 349.2282
9.17 349.2282
9.18 349.2282
9.19 349.2282
9.20 349.2282
9.21 349.2282
9.22 349.2282
9.23 349.2282
9.24 349.2282
9.25 349.2282
9.26 349.2282
9.27 349.2282
9.28 349.2282
9.29 347.9697
9.30 347.9697
9.31 347.9697
9.32 347.9697
9.33 349.2282
9.34 349.2282
9.35 349.2282
9.36 349.2282
9.37 349.2282
9.38 349.2282
9.39 349.2282
9.40 349.2282
9.41 347.9697
9.42 347.9697
9.43 347.9697
9.44 347.9697
9.45 347.9697
9.46 347.9697
9.47 347.9697
9.48 347.9697
9.49 347.9697
9.50 347.9697
9.51 347.9697
9.52 347.9697
9.53 349.2282
9.54 349.2282
9.55 349.2282
9.56 349.2282
9.57 349.2282
9.58 350.4913
9.59 350.4913
9.60 350.4913
9.61 350.4913
9.62 349.2282
9.63 349.2282
9.64 347.9697
9.65 347.9697
9.66 346.7158
9.67 346.7158
9.68 346.7158
9.69 346.7158
9.70 346.7158
9.71 346.7158
9.72 346.7158
9.73 346.7158
9.74 347.9697
9.75 347.9697
9.76 349.2282
9.77 349.2282
9.78 350.4913
9.79 350.4913
9.80 351.7589
9.81 351.7589
9.82 351.7589
9.83 350.4913
9.84 350.4913
9.85 349.2282
9.86 349.2282
9.87 349.2282
9.88 347.9697
9.89 347.9697
9.90 347.9697
9.91 347.9697
9.92 346.7158
9.93 346.7158
9.94 346.7158
9.95 346.7158
9.96 347.9697
9.97 347.9697
9.98 349.2282
9.99 350.4913
10.00 350.4913
10.01 350.4913
10.02 350.4913
10.03 350.4913
10.04 350.4913
10.05 349.2282
10.06 347.9697
10.07 346.7158
10.08 346.7158
10.09 345.4663
10.10 345.4663
10.11 345.4663
10.12 345.4663
10.13 346.7158
10.14 346.7158
10.15 346.7158
10.16 347.9697
10.17 347.9697
10.18 349.2282
10.19 351.7589
10.20 353.0311
10.21 353.0311
10.22 353.0311
10.23 350.4913
10.24 350.4913
10.25 349.2282
10.26 349.2282
10.27 347.9697
10.28 346.7158
10.29 346.7158
10.30 346.7158
10.31 347.9697
10.32 349.2282
10.33 349.2282
10.34 349.2282
10.35 0.0000
10.36 0.0000
10.37 0.0000
10.38 0.0000
10.39 0.0000
10.40 0.0000
10.41 0.0000
10.42 0.0000
10.43 0.0000
10.44 0.0000
10.45 0.0000
10.46 0.0000
10.47 0.0000
10.48 0.0000
10.49 0.0000
10.50 0.0000
10.51 0.0000
10.52 0.0000
10.53 0.0000
10.54 0.0000
10.55 0.0000
10.56 0.0000
10.57 0.0000
10.58 0.0000
10.59 0.0000
10.60 0.0000
10.61 0.0000
10.62 0.0000
10.63 0.0000
10.64 0.0000
10.65 0.0000
10.66 0.0000
10.67 0.0000
10.68 0.0000
10.69 0.0000
10.70 0.0000
10.71 0.0000
10.72 0.0000
10.73 0.0000
10.74 0.0000
10.75 0.0000
10.76 0.0000
10.77 0.0000
10.78 0.0000
10.79 0.0000
10.80 0.0000
10.81 0.0000
10.82 0.0000
10.83 0.0000
10.84 0.0000
10.85 0.0000
10.86 0.0000
10.87 0.0000
10.88 0.0000
10.89 0.0000
10.90 0.0000
10.91 0.0000
10.92 0.0000
10.93 0.0000
10.94 0.0000
10.95 0.0000
10.96 0.0000
10.97 0.0000
10.98 0.0000
10.99 0.0000
11.00 0.0000
11.01 0.0000
11.02 0.0000
11.03 0.0000
11.04 0.0000
11.05 0.0000
11.06 0.0000
11.07 0.0000
11.08 0.0000
11.09 0.0000
11.10 0.0000
11.11 0.0000
11.12 0.0000
11.13 0.0000
11.14 0.0000
11.15 0.0000
11.16 0.0000
11.17 0.0000
11.18 0.0000
11.19 0.0000
11.20 0.0000
11.21 0.0000
11.22 351.7589
11.23 351.7589
11.24 351.7589
11.25 350.4913
11.26 349.2282
11.27 347.9697
11.28 347.9697
11.29 347.9697
11.30 347.9697
11.31 347.9697
11.32 347.9697
11.33 347.9697
11.34 347.9697
11.35 347.9697
11.36 346.7158
11.37 346.7158
11.38 346.7158
11.39 346.7158
11.40 346.7158
11.41 346.7158
11.42 346.7158
11.43 347.9697
11.44 347.9697
11.45 349.2282
11.46 349.2282
11.47 349.2282
11.48 349.2282
11.49 349.2282
11.50 349.2282
11.51 349.2282
11.52 349.2282
11.53 349.2282
11.54 347.9697
11.55 347.9697
11.56 347.9697
11.57 347.9697
11.58 346.7158
11.59 346.7158
11.60 346.7158
11.61 346.7158
11.62 346.7158
11.63 346.7158
11.64 346.7158
11.65 346.7158
11.66 346.7158
11.67 346.7158
11.68 347.9697
11.69 347.9697
11.70 349.2282
11.71 349.2282
11.72 350.4913
11.73 351.7589
11.74 351.7589
11.75 351.7589
11.76 351.7589
11.77 351.7589
11.78 0.0000
11.79 0.0000
11.80 0.0000
11.81 0.0000
11.82 0.0000
11.83 0.0000
11.84 0.0000
11.85 0.0000
11.86 0.0000
11.87 0.0000
11.88 0.0000
11.89 0.0000
11.90 0.0000
11.91 287.3721
11.92 287.3721
11.93 288.4115
11.94 288.4115
11.95 288.4115
11.96 288.4115
11.97 289.4546
11.98 289.4546
11.99 290.5014
12.00 291.5521
12.01 291.5521
12.02 291.5521
12.03 291.5521
12.04 291.5521
12.05 291.5521
12.06 291.5521
12.07 291.5521
12.08 292.6065
12.09 293.6648
12.10 293.6648
12.11 293.6648
12.12 293.6648
12.13 293.6648
12.14 293.6648
12.15 293.6648
12.16 293.6648
12.17 293.6648
12.18 293.6648
12.19 293.6648
12.20 292.6065
12.21 292.6065
12.22 292.6065
12.23 292.6065
12.24 292.6065
12.25 291.5521
12.26 291.5521
12.27 291.5521
12.28 291.5521
12.29 291.5521
12.30 291.5521
12.31 291.5521
12.32 292.6065
12.33 292.6065
12.34 293.6648
12.35 293.6648
12.36 294.7269
12.37 294.7269
12.38 294.7269
12.39 294.7269
12.40 294.7269
12.41 294.7269
12.42 294.7269
12.43 295.7928
12.44 295.7928
12.45 295.7928
12.46 295.7928
12.47 295.7928
12.48 295.7928
12.49 295.7928
12.50 295.7928
12.51 295.7928
12.52 294.7269
12.53 294.7269
12.54 293.6648
12.55 293.6648
12.56 293.6648
12.57 293.6648
12.58 293.6648
12.59 293.6648
12.60 293.6648
12.61 293.6648
12.62 293.6648
12.63 293.6648
12.64 293.6648
12.65 293.6648
12.66 293.6648
12.67 293.6648
12.68 293.6648
12.69 293.6648
12.70 293.6648
12.71 293.6648
12.72 293.6648
12.73 293.6648
12.74 293.6648
12.75 293.6648
12.76 293.6648
12.77 293.6648
12.78 293.6648
12.79 293.6648
12.80 293.6648
12.81 293.6648
12.82 293.6648
12.83 293.6648
12.84 293.6648
12.85 293.6648
12.86 292.6065
12.87 292.6065
12.88 292.6065
12.89 293.6648
12.90 293.6648
12.91 293.6648
12.92 293.6648
12.93 293.6648
12.94 293.6648
12.95 293.6648
12.96 293.6648
12.97 293.6648
12.98 293.6648
12.99 293.6648
13.00 293.6648
13.01 293.6648
13.02 293.6648
13.03 294.7269
13.04 295.7928
13.05 295.7928
13.06 296.8626
13.07 297.9362
13.08 297.9362
13.09 297.9362
13.10 297.9362
13.11 296.8626
13.12 295.7928
13.13 292.6065
13.14 290.5014
13.15 288.4115
13.16 284.2766
13.17 276.1838
13.18 273.2087
13.19 270.2657
13.20 265.4310
13.21 262.5718
13.22 259.7434
13.23 259.7434
13.24 259.7434
13.25 259.7434
13.26 259.7434
13.27 260.6828
13.28 260.6828
13.29 261.6256
13.30 261.6256
13.31 261.6256
13.32 261.6256
13.33 261.6256
13.34 261.6256
13.35 261.6256
13.36 261.6256
13.37 261.6256
13.38 261.6256
13.39 261.6256
13.40 261.6256
13.41 260.6828
13.42 260.6828
13.43 260.6828
13.44 260.6828
13.45 260.6828
13.46 260.6828
13.47 259.7434
13.48 259.7434
13.49 259.7434
13.50 259.7434
13.51 259.7434
13.52 260.6828
13.53 260.6828
13.54 260.6828
13.55 260.6828
13.56 261.6256
13.57 262.5718
13.58 262.5718
13.59 262.5718
13.60 262.5718
13.61 262.5718
13.62 262.5718
13.63 261.6256
13.64 260.6828
13.65 260.6828
13.66 260.6828
13.67 260.6828
13.68 260.6828
13.69 260.6828
13.70 260.6828
13.71 261.6256
13.72 261.6256
13.73 261.6256
13.74 261.6256
13.75 261.6256
13.76 261.6256
13.77 261.6256
13.78 261.6256
13.79 261.6256
13.80 261.6256
13.81 261.6256
13.82 261.6256
13.83 261.6256
13.84 261.6256
13.85 261.6256
13.86 261.6256
13.87 261.6256
13.88 261.6256
13.89 260.6828
13.90 260.6828
13.91 260.6828
13.92 260.6828
13.93 260.6828
13.94 260.6828
13.95 261.6256
13.96 261.6256
13.97 261.6256
13.98 261.6256
13.99 261.6256
14.00 261.6256
14.01 260.6828
14.02 260.6828
14.03 260.6828
14.04 260.6828
14.05 260.6828
14.06 260.6828
14.07 260.6828
14.08 260.6828
14.09 261.6256
14.10 261.6256
14.11 262.5718
14.12 262.5718
14.13 262.5718
14.14 262.5718
14.15 262.5718
14.16 262.5718
14.17 262.5718
14.18 262.5718
14.19 261.6256
14.20 261.6256
14.21 261.6256
14.22 260.6828
14.23 260.6828
14.24 260.6828
14.25 260.6828
14.26 260.6828
14.27 260.6828
14.28 260.6828
14.29 261.6256
14.30 262.5718
14.31 263.5214
14.32 264.4745
14.33 264.4745
14.34 264.4745
14.35 264.4745
14.36 263.5214
14.37 263.5214
14.38 262.5718
14.39 262.5718
14.40 262.5718
14.41 261.6256
14.42 260.6828
14.43 260.6828
14.44 259.7434
14.45 259.7434
14.46 259.7434
14.47 259.7434
14.48 260.6828
14.49 260.6828
14.50 262.5718
14.51 262.5718
14.52 263.5214
14.53 263.5214
14.54 263.5214
14.55 263.5214
14.56 263.5214
14.57 262.5718
14.58 261.6256
14.59 261.6256
14.60 260.6828
14.61 259.7434
14.62 259.7434
14.63 259.7434
14.64 259.7434
14.65 259.7434
14.66 259.7434
14.67 260.6828
14.68 260.6828
14.69 261.6256
14.70 262.5718
14.71 262.5718
14.72 263.5214
14.73 264.4745
14.74 264.4745
14.75 264.4745
14.76 263.5214
14.77 263.5214
14.78 262.5718
14.79 262.5718
14.80 261.6256
14.81 260.6828
14.82 259.7434
14.83 259.7434
14.84 259.7434
14.85 259.7434
14.86 260.6828
14.87 260.6828
14.88 262.5718
14.89 262.5718
14.90 263.5214
14.91 263.5214
14.92 263.5214
14.93 264.4745
14.94 264.4745
14.95 264.4745
14.96 264.4745
14.97 263.5214
14.98 263.5214
14.99 262.5718
15.00 262.5718
15.01 261.6256
15.02 260.6828
15.03 259.7434
15.04 259.7434
15.05 259.7434
15.06 259.7434
15.07 260.6828
15.08 260.6828
15.09 261.6256
15.10 261.6256
15.11 262.5718
15.12 263.5214
15.13 263.5214
15.14 263.5214
15.15 263.5214
15.16 263.5214
15.17 262.5718
15.18 262.5718
15.19 261.6256
15.20 261.6256
15.21 260.6828
15.22 260.6828
15.23 260.6828
15.24 260.6828
15.25 261.6256
15.26 262.5718
15.27 262.5718
15.28 262.5718
15.29 262.5718
15.30 261.6256
15.31 0.0000
15.32 0.0000
15.33 0.0000
15.34 0.0000
15.35 0.0000
15.36 0.0000
15.37 0.0000
15.38 0.0000
15.39 0.0000
15.40 0.0000
15.41 0.0000
15.42 0.0000
15.43 0.0000
15.44 0.0000
15.45 0.0000
15.46 0.0000
15.47 0.0000
15.48 0.0000
15.49 0.0000
15.50 393.4132
15.51 393.4132
15.52 393.4132
15.53 393.4132
15.54 394.8360
15.55 394.8360
15.56 396.2640
15.57 396.2640
15.58 396.2640
15.59 396.2640
15.60 396.2640
15.61 394.8360
15.62 393.4132
15.63 393.4132
15.64 393.4132
15.65 393.4132
15.66 393.4132
15.67 0.0000
15.68 0.0000
15.69 0.0000
15.70 0.0000
15.71 0.0000
15.72 0.0000
15.73 0.0000
15.74 0.0000
15.75 0.0000
15.76 0.0000
15.77 0.0000
15.78 0.0000
15.79 0.0000
15.80 0.0000
15.81 0.0000
15.82 0.0000
15.83 0.0000
15.84 0.0000
15.85 0.0000
15.86 0.0000
15.87 0.0000
15.88 0.0000
15.89 0.0000
15.90 0.0000
15.91 0.0000
15.92 0.0000
15.93 0.0000
15.94 0.0000
15.95 0.0000
15.96 0.0000
15.97 0.0000
15.98 0.0000
15.99 0.0000
16.00 0.0000
16.01 0.0000
16.02 0.0000
16.03 0.0000
16.04 0.0000
16.05 0.0000
16.06 0.0000
16.07 0.0000
16.08 0.0000
16.09 0.0000
16.10 0.0000
16.11 0.0000
16.12 0.0000
16.13 0.0000
16.14 0.0000
16.15 0.0000
16.16 0.0000
16.17 0.0000
16.18 0.0000
16.19 0.0000
16.20 0.0000
16.21 0.0000
16.22 0.0000
16.23 0.0000
16.24 0.0000
16.25 0.0000
16.26 0.0000
16.27 0.0000
16.28 0.0000
16.29 0.0000
16.30 0.0000
16.31 0.0000
16.32 0.0000
16.33 0.0000
16.34 0.0000
16.35 0.0000
16.36 0.0000
16.37 0.0000
16.38 349.2282
16.39 349.2282
16.40 349.2282
16.41 349.2282
16.42 349.2282
16.43 349.2282
16.44 349.2282
16.45 349.2282
16.46 349.2282
16.47 349.2282
16.48 349.2282
16.49 349.2282
16.50 349.2282
16.51 349.2282
16.52 349.2282
16.53 349.2282
16.54 349.2282
16.55 349.2282
16.56 349.2282
16.57 349.2282
16.58 349.2282
16.59 349.2282
16.60 347.9697
16.61 347.9697
16.62 347.9697
16.63 347.9697
16.64 347.9697
16.65 347.9697
16.66 349.2282
16.67 349.2282
16.68 349.2282
16.69 349.2282
16.70 349.2282
16.71 349.2282
16.72 349.2282
16.73 349.2282
16.74 349.2282
16.75 349.2282
16.76 349.2282
16.77 349.2282
16.78 349.2282
16.79 349.2282
16.80 349.2282
16.81 349.2282
16.82 350.4913
16.83 350.4913
16.84 351.7589
16.85 353.0311
16.86 353.0311
16.87 354.3079
16.88 355.5893
16.89 355.5893
16.90 355.5893
16.91 355.5893
16.92 355.5893
16.93 355.5893
16.94 353.0311
16.95 350.4913
16.96 350.4913
16.97 345.4663
16.98 345.4663
16.99 345.4663
17.00 0.0000
17.01 0.0000
17.02 0.0000
17.03 0.0000
17.04 0.0000
17.05 288.4115
17.06 288.4115
17.07 289.4546
17.08 289.4546
17.09 289.4546
17.10 289.4546
17.11 290.5014
17.12 290.5014
17.13 291.5521
17.14 291.5521
17.15 292.6065
17.16 292.6065
17.17 293.6648
17.18 293.6648
17.19 293.6648
17.20 293.6648
17.21 293.6648
17.22 293.6648
17.23 293.6648
17.24 293.6648
17.25 293.6648
17.26 293.6648
17.27 293.6648
17.28 293.6648
17.29 293.6648
17.30 293.6648
17.31 293.6648
17.32 293.6648
17.33 293.6648
17.34 293.6648
17.35 293.6648
17.36 293.6648
17.37 293.6648
17.38 294.7269
17.39 294.7269
17.40 294.7269
17.41 294.7269
17.42 294.7269
17.43 294.7269
17.44 294.7269
17.45 294.7269
17.46 294.7269
17.47 293.6648
17.48 293.6648
17.49 293.6648
17.50 293.6648
17.51 293.6648
17.52 293.6648
17.53 292.6065
17.54 291.5521
17.55 291.5521
17.56 291.5521
17.57 294.7269
17.58 296.8626
17.59 296.8626
17.60 297.9362
17.61 297.9362
17.62 297.9362
17.63 297.9362
17.64 297.9362
17.65 296.8626
17.66 296.8626
17.67 296.8626
17.68 296.8626
17.69 293.6648
17.70 293.6648
17.71 292.6065
17.72 292.6065
17.73 292.6065
17.74 292.6065
17.75 292.6065
17.76 292.6065
17.77 293.6648
17.78 293.6648
17.79 293.6648
17.80 293.6648
17.81 293.6648
17.82 293.6648
17.83 294.7269
17.84 294.7269
17.85 294.7269
17.86 294.7269
17.87 293.6648
17.88 293.6648
17.89 293.6648
17.90 293.6648
17.91 293.6648
17.92 293.6648
17.93 293.6648
17.94 293.6648
17.95 293.6648
17.96 293.6648
17.97 293.6648
17.98 293.6648
17.99 293.6648
18.00 293.6648
18.01 293.6648
18.02 293.6648
18.03 293.6648
18.04 293.6648
18.05 293.6648
18.06 293.6648
18.07 293.6648
18.08 293.6648
18.09 293.6648
18.10 293.6648
18.11 293.6648
18.12 293.6648
18.13 293.6648
18.14 293.6648
18.15 293.6648
18.16 293.6648
18.17 292.6065
18.18 291.5521
18.19 290.5014
18.20 290.5014
18.21 290.5014
18.22 290.5014
18.23 290.5014
18.24 290.5014
18.25 291.5521
18.26 292.6065
18.27 293.6648
18.28 295.7928
18.29 296.8626
18.30 296.8626
18.31 295.7928
18.32 296.8626
18.33 296.8626
18.34 299.0138
18.35 315.6524
18.36 316.7940
18.37 316.7940
18.38 316.7940
18.39 315.6524
18.40 314.5149
18.41 313.3815
18.42 312.2522
18.43 311.1270
18.44 310.0058
18.45 308.8886
18.46 0.0000
18.47 0.0000
18.48 0.0000
18.49 0.0000
18.50 0.0000
18.51 0.0000
18.52 0.0000
18.53 0.0000
18.54 0.0000
18.55 0.0000
18.56 0.0000
18.57 0.0000
18.58 0.0000
18.59 0.0000
18.60 0.0000
18.61 0.0000
18.62 0.0000
18.63 0.0000
18.64 0.0000
18.65 0.0000
18.66 0.0000
18.67 0.0000
18.68 0.0000
18.69 0.0000
18.70 0.0000
18.71 0.0000
18.72 311.1270
18.73 311.1270
18.74 311.1270
18.75 311.1270
18.76 311.1270
18.77 311.1270
18.78 310.0058
18.79 310.0058
18.80 310.0058
18.81 310.0058
18.82 310.0058
18.83 311.1270
18.84 311.1270
18.85 311.1270
18.86 311.1270
18.87 311.1270
18.88 311.1270
18.89 311.1270
18.90 311.1270
18.91 311.1270
18.92 311.1270
18.93 311.1270
18.94 311.1270
18.95 311.1270
18.96 311.1270
18.97 311.1270
18.98 311.1270
18.99 311.1270
19.00 311.1270
19.01 311.1270
19.02 311.1270
19.03 311.1270
19.04 311.1270
19.05 311.1270
19.06 311.1270
19.07 311.1270
19.08 311.1270
19.09 311.1270
19.10 311.1270
19.11 311.1270
19.12 311.1270
19.13 311.1270
19.14 311.1270
19.15 311.1270
19.16 311.1270
19.17 311.1270
19.18 311.1270
19.19 311.1270
19.20 311.1270
19.21 311.1270
19.22 312.2522
19.23 312.2522
19.24 312.2522
19.25 312.2522
19.26 311.1270
19.27 311.1270
19.28 311.1270
19.29 311.1270
19.30 311.1270
19.31 311.1270
19.32 311.1270
19.33 311.1270
19.34 311.1270
19.35 311.1270
19.36 311.1270
19.37 311.1270
19.38 311.1270
19.39 311.1270
19.40 312.2522
19.41 312.2522
19.42 312.2522
19.43 312.2522
19.44 312.2522
19.45 312.2522
19.46 311.1270
19.47 311.1270
19.48 311.1270
19.49 311.1270
19.50 311.1270
19.51 311.1270
19.52 311.1270
19.53 311.1270
19.54 311.1270
19.55 311.1270
19.56 311.1270
19.57 311.1270
19.58 311.1270
19.59 311.1270
19.60 312.2522
19.61 312.2522
19.62 312.2522
19.63 312.2522
19.64 312.2522
19.65 312.2522
19.66 312.2522
19.67 312.2522
19.68 312.2522
19.69 311.1270
19.70 311.1270
19.71 311.1270
19.72 311.1270
19.73 311.1270
19.74 311.1270
19.75 311.1270
19.76 311.1270
19.77 311.1270
19.78 311.1270
19.79 311.1270
19.80 311.1270
19.81 311.1270
19.82 311.1270
19.83 311.1270
19.84 312.2522
19.85 312.2522
19.86 312.2522
19.87 312.2522
19.88 312.2522
19.89 312.2522
19.90 312.2522
19.91 312.2522
19.92 312.2522
19.93 312.2522
19.94 312.2522
19.95 311.1270
19.96 311.1270
19.97 311.1270
19.98 311.1270
19.99 311.1270
20.00 311.1270
20.01 311.1270
20.02 311.1270
20.03 311.1270
20.04 311.1270
20.05 312.2522
20.06 312.2522
20.07 312.2522
20.08 312.2522
20.09 312.2522
20.10 312.2522
20.11 312.2522
20.12 312.2522
20.13 312.2522
20.14 312.2522
20.15 311.1270
20.16 311.1270
20.17 311.1270
20.18 311.1270
20.19 310.0058
20.20 310.0058
20.21 310.0058
20.22 310.0058
20.23 310.0058
20.24 310.0058
20.25 310.0058
20.26 311.1270
20.27 311.1270
20.28 311.1270
20.29 311.1270
20.30 312.2522
20.31 312.2522
20.32 312.2522
20.33 311.1270
20.34 311.1270
20.35 311.1270
20.36 311.1270
20.37 311.1270
20.38 311.1270
20.39 311.1270
20.40 311.1270
20.41 311.1270
20.42 311.1270
20.43 311.1270
20.44 311.1270
20.45 311.1270
20.46 372.6756
20.47 374.0234
20.48 375.3761
20.49 375.3761
20.50 375.3761
20.51 375.3761
20.52 374.0234
20.53 374.0234
20.54 372.6756
20.55 371.3326
20.56 369.9944
20.57 368.6611
20.58 368.6611
20.59 368.6611
20.60 369.9944
20.61 371.3326
20.62 372.6756
20.63 374.0234
20.64 375.3761
20.65 375.3761
20.66 375.3761
20.67 374.0234
20.68 374.0234
20.69 372.6756
20.70 372.6756
20.71 371.3326
20.72 371.3326
20.73 369.9944
20.74 369.9944
20.75 369.9944
20.76 371.3326
20.77 372.6756
20.78 372.6756
20.79 374.0234
20.80 375.3761
20.81 375.3761
20.82 375.3761
20.83 374.0234
20.84 374.0234
20.85 374.0234
20.86 372.6756
20.87 372.6756
20.88 371.3326
20.89 371.3326
20.90 369.9944
20.91 369.9944
20.92 369.9944
20.93 369.9944
20.94 371.3326
20.95 372.6756
20.96 372.6756
20.97 372.6756
20.98 372.6756
20.99 371.3326
21.00 369.9944
21.01 368.6611
21.02 368.6611
21.03 367.3326
21.04 367.3326
21.05 367.3326
21.06 367.3326
21.07 367.3326
21.08 0.0000
21.09 0.0000
21.10 0.0000
21.11 0.0000
21.12 0.0000
21.13 0.0000
21.14 0.0000
21.15 0.0000
21.16 0.0000
21.17 0.0000
21.18 0.0000
21.19 0.0000
21.20 0.0000
21.21 0.0000
21.22 0.0000
21.23 0.0000
21.24 0.0000
21.25 0.0000
21.26 0.0000
21.27 0.0000
21.28 0.0000
21.29 0.0000
21.30 0.0000
21.31 0.0000
21.32 0.0000
21.33 0.0000
21.34 0.0000
21.35 0.0000
21.36 0.0000
21.37 0.0000
21.38 0.0000
