0.00 0.0000
0.01 0.0000
0.02 0.0000
0.03 0.0000
0.04 0.0000
0.05 0.0000
0.06 0.0000
0.07 0.0000
0.08 0.0000
0.09 0.0000
0.10 0.0000
0.11 0.0000
0.12 0.0000
0.13 0.0000
0.14 0.0000
0.15 0.0000
0.16 0.0000
0.17 0.0000
0.18 0.0000
0.19 0.0000
0.20 0.0000
0.21 0.0000
0.22 0.0000
0.23 666.4339
0.24 666.4339
0.25 666.4339
0.26 664.0323
0.27 0.0000
0.28 0.0000
0.29 0.0000
0.30 581.0028
0.31 611.1226
0.32 629.0299
0.33 629.0299
0.34 645.1286
0.35 676.1274
0.36 676.1274
0.37 676.1274
0.38 676.1274
0.39 666.4339
0.40 0.0000
0.41 0.0000
0.42 0.0000
0.43 0.0000
0.44 0.0000
0.45 0.0000
0.46 0.0000
0.47 0.0000
0.48 0.0000
0.49 0.0000
0.50 0.0000
0.51 0.0000
0.52 0.0000
0.53 0.0000
0.54 629.0299
0.55 629.0299
0.56 629.0299
0.57 629.0299
0.58 629.0299
0.59 620.0116
0.60 589.4537
0.61 581.0028
0.62 568.5531
0.63 568.5531
0.64 568.5531
0.65 568.5531
0.66 589.4537
0.67 589.4537
0.68 611.1226
0.69 629.0299
0.70 645.1286
0.71 645.1286
0.72 645.1286
0.73 640.4874
0.74 629.0299
0.75 608.9203
0.76 591.5856
0.77 578.9091
0.78 578.9091
0.79 578.9091
0.80 589.4537
0.81 589.4537
0.82 589.4537
0.83 591.5856
0.84 629.0299
0.85 693.4316
0.86 693.4316
0.87 693.4316
0.88 678.5728
0.89 666.4339
0.90 645.1286
0.91 629.0299
0.92 629.0299
0.93 629.0299
0.94 629.0299
0.95 629.0299
0.96 645.1286
0.97 678.5728
0.98 695.9395
0.99 695.9395
1.00 695.9395
1.01 695.9395
1.02 695.9395
1.03 0.0000
1.04 0.0000
1.05 0.0000
1.06 0.0000
1.07 0.0000
1.08 0.0000
1.09 0.0000
1.10 0.0000
1.11 0.0000
1.12 0.0000
1.13 0.0000
1.14 0.0000
1.15 0.0000
1.16 0.0000
1.17 0.0000
1.18 0.0000
1.19 0.0000
1.20 0.0000
1.21 0.0000
1.22 0.0000
1.23 706.0622
1.24 706.0622
1.25 708.6157
1.26 716.3321
1.27 742.6651
1.28 748.0468
1.29 778.3506
1.30 778.3506
1.31 778.3506
1.32 778.3506
1.33 753.4675
1.34 753.4675
1.35 706.0622
1.36 678.5728
1.37 671.2632
1.38 671.2632
1.39 671.2632
1.40 676.1274
1.41 693.4316
1.42 706.0622
1.43 718.9228
1.44 729.3798
1.45 729.3798
1.46 729.3798
1.47 698.4565
1.48 698.4565
1.49 0.0000
1.50 0.0000
1.51 0.0000
1.52 611.1226
1.53 611.1226
1.54 629.0299
1.55 678.5728
1.56 678.5728
1.57 678.5728
1.58 678.5728
1.59 678.5728
1.60 678.5728
1.61 668.8442
1.62 629.0299
1.63 629.0299
1.64 611.1226
1.65 611.1226
1.66 611.1226
1.67 611.1226
1.68 629.0299
1.69 642.8038
1.70 666.4339
1.71 666.4339
1.72 666.4339
1.73 659.2551
1.74 645.1286
1.75 645.1286
1.76 0.0000
1.77 0.0000
1.78 0.0000
1.79 0.0000
1.80 0.0000
1.81 0.0000
1.82 0.0000
1.83 0.0000
1.84 629.0299
1.85 640.4874
1.86 640.4874
1.87 640.4874
1.88 629.0299
1.89 620.0116
1.90 591.5856
1.91 591.5856
1.92 581.0028
1.93 574.7443
1.94 574.7443
1.95 574.7443
1.96 581.0028
1.97 589.4537
1.98 611.1226
1.99 622.2540
2.00 640.4874
2.01 640.4874
2.02 640.4874
2.03 629.0299
2.04 626.7631
2.05 591.5856
2.06 591.5856
2.07 591.5856
2.08 591.5856
2.09 591.5856
2.10 629.0299
2.11 629.0299
2.12 678.5728
2.13 681.0269
2.14 681.0269
2.15 681.0269
2.16 678.5728
2.17 0.0000
2.18 0.0000
2.19 0.0000
2.20 0.0000
2.21 0.0000
2.22 0.0000
2.23 0.0000
2.24 0.0000
2.25 0.0000
2.26 0.0000
2.27 0.0000
2.28 0.0000
2.29 0.0000
2.30 0.0000
2.31 0.0000
2.32 0.0000
2.33 0.0000
2.34 0.0000
2.35 0.0000
2.36 0.0000
2.37 0.0000
2.38 611.1226
2.39 613.3328
2.40 626.7631
2.41 626.7631
2.42 626.7631
2.43 620.0116
2.44 611.1226
2.45 598.0275
2.46 589.4537
2.47 568.5531
2.48 556.3702
2.49 556.3702
2.50 556.3702
2.51 568.5531
2.52 574.7443
2.53 589.4537
2.54 598.0275
2.55 608.9203
2.56 608.9203
2.57 608.9203
2.58 595.8724
2.59 589.4537
2.60 589.4537
2.61 0.0000
2.62 0.0000
2.63 0.0000
2.64 0.0000
2.65 438.4144
2.66 471.2400
2.67 472.9443
2.68 486.8026
2.69 501.0670
2.70 502.8792
2.71 502.8792
2.72 502.8792
2.73 501.0670
2.74 495.6695
2.75 486.8026
2.76 479.8234
2.77 476.3714
2.78 476.3714
2.79 476.3714
2.80 486.8026
2.81 490.3302
2.82 502.8792
2.83 513.8908
2.84 513.8908
2.85 513.8908
2.86 506.5233
2.87 504.6979
2.88 504.6979
2.89 504.6979
2.90 504.6979
2.91 504.6979
2.92 0.0000
2.93 0.0000
2.94 0.0000
2.95 0.0000
2.96 0.0000
2.97 0.0000
2.98 0.0000
2.99 576.8229
3.00 576.8229
3.01 576.8229
3.02 574.7443
3.03 568.5531
3.04 550.3770
3.05 546.4174
3.06 536.6427
3.07 532.7819
3.08 532.7819
3.09 532.7819
3.10 556.3702
3.11 568.5531
3.12 574.7443
3.13 576.8229
3.14 591.5856
3.15 591.5856
3.16 591.5856
3.17 591.5856
3.18 581.0028
3.19 570.6094
3.20 550.3770
3.21 534.7088
3.22 523.2511
3.23 523.2511
3.24 523.2511
3.25 534.7088
3.26 556.3702
3.27 566.5043
3.28 589.4537
3.29 598.0275
3.30 598.0275
3.31 598.0275
3.32 598.0275
3.33 591.5856
3.34 0.0000
3.35 0.0000
3.36 0.0000
3.37 0.0000
3.38 0.0000
3.39 0.0000
3.40 0.0000
3.41 0.0000
3.42 0.0000
3.43 0.0000
3.44 0.0000
3.45 0.0000
3.46 0.0000
3.47 0.0000
3.48 0.0000
3.49 0.0000
3.50 0.0000
3.51 0.0000
3.52 0.0000
3.53 0.0000
3.54 0.0000
3.55 0.0000
3.56 0.0000
3.57 0.0000
3.58 0.0000
3.59 0.0000
3.60 0.0000
3.61 0.0000
3.62 0.0000
3.63 0.0000
3.64 570.6094
3.65 570.6094
3.66 570.6094
3.67 550.3770
3.68 548.3936
3.69 540.5314
3.70 519.4867
3.71 519.4867
3.72 519.4867
3.73 521.3655
3.74 534.7088
3.75 566.5043
3.76 568.5531
3.77 589.4537
3.78 595.8724
3.79 595.8724
3.80 595.8724
3.81 593.7251
3.82 591.5856
3.83 570.6094
3.84 570.6094
3.85 570.6094
3.86 499.2613
3.87 499.2613
3.88 499.2613
3.89 523.2511
3.90 568.5531
3.91 574.7443
3.92 574.7443
3.93 589.4537
3.94 598.0275
3.95 598.0275
3.96 598.0275
3.97 591.5856
3.98 589.4537
3.99 0.0000
4.00 0.0000
4.01 0.0000
4.02 0.0000
4.03 0.0000
4.04 0.0000
4.05 0.0000
4.06 0.0000
4.07 0.0000
4.08 0.0000
4.09 0.0000
4.10 0.0000
4.11 0.0000
4.12 0.0000
4.13 0.0000
4.14 0.0000
4.15 0.0000
4.16 0.0000
4.17 0.0000
4.18 0.0000
4.19 0.0000
4.20 0.0000
4.21 0.0000
4.22 0.0000
4.23 0.0000
4.24 0.0000
4.25 0.0000
4.26 0.0000
4.27 0.0000
4.28 0.0000
4.29 0.0000
4.30 0.0000
4.31 0.0000
4.32 0.0000
4.33 0.0000
4.34 0.0000
4.35 0.0000
4.36 0.0000
4.37 0.0000
4.38 0.0000
4.39 0.0000
4.40 0.0000
4.41 0.0000
4.42 0.0000
4.43 0.0000
4.44 0.0000
4.45 0.0000
4.46 0.0000
4.47 0.0000
4.48 0.0000
4.49 0.0000
4.50 0.0000
4.51 0.0000
4.52 0.0000
4.53 0.0000
4.54 0.0000
4.55 0.0000
4.56 0.0000
4.57 0.0000
4.58 0.0000
4.59 0.0000
4.60 0.0000
4.61 0.0000
4.62 0.0000
4.63 0.0000
4.64 0.0000
4.65 329.6276
4.66 329.6276
4.67 329.6276
4.68 329.6276
4.69 329.6276
4.70 329.6276
4.71 329.6276
4.72 329.6276
4.73 329.6276
4.74 329.6276
4.75 329.6276
4.76 329.6276
4.77 329.6276
4.78 329.6276
4.79 329.6276
4.80 329.6276
4.81 329.6276
4.82 329.6276
4.83 329.6276
4.84 330.8197
4.85 330.8197
4.86 332.0162
4.87 332.0162
4.88 333.2170
4.89 333.2170
4.90 333.2170
4.91 333.2170
4.92 332.0162
4.93 332.0162
4.94 0.0000
4.95 0.0000
4.96 0.0000
4.97 0.0000
4.98 0.0000
4.99 0.0000
5.00 0.0000
5.01 0.0000
5.02 0.0000
5.03 0.0000
5.04 0.0000
5.05 0.0000
5.06 0.0000
5.07 0.0000
5.08 0.0000
5.09 0.0000
5.10 0.0000
5.11 0.0000
5.12 0.0000
5.13 0.0000
5.14 0.0000
5.15 0.0000
5.16 0.0000
5.17 0.0000
5.18 0.0000
5.19 0.0000
5.20 0.0000
5.21 0.0000
5.22 0.0000
5.23 0.0000
5.24 0.0000
5.25 0.0000
5.26 0.0000
5.27 0.0000
5.28 0.0000
5.29 0.0000
5.30 0.0000
5.31 0.0000
5.32 0.0000
5.33 0.0000
5.34 332.0162
5.35 332.0162
5.36 332.0162
5.37 332.0162
5.38 330.8197
5.39 330.8197
5.40 0.0000
5.41 0.0000
5.42 0.0000
5.43 0.0000
5.44 0.0000
5.45 0.0000
5.46 0.0000
5.47 0.0000
5.48 0.0000
5.49 0.0000
5.50 326.0768
5.51 327.2561
5.52 327.2561
5.53 327.2561
5.54 327.2561
5.55 328.4397
5.56 329.6276
5.57 329.6276
5.58 659.2551
5.59 659.2551
5.60 659.2551
5.61 654.5122
5.62 654.5122
5.63 652.1536
5.64 652.1536
5.65 652.1536
5.66 652.1536
5.67 652.1536
5.68 654.5122
5.69 661.6394
5.70 671.2632
5.71 671.2632
5.72 678.5728
5.73 678.5728
5.74 678.5728
5.75 673.6909
5.76 666.4339
5.77 647.4619
5.78 629.0299
5.79 626.7631
5.80 626.7631
5.81 626.7631
5.82 626.7631
5.83 642.8038
5.84 645.1286
5.85 693.4316
5.86 695.9395
5.87 698.4565
5.88 698.4565
5.89 698.4565
5.90 695.9395
5.91 678.5728
5.92 676.1274
5.93 626.7631
5.94 611.1226
5.95 591.5856
5.96 591.5856
5.97 589.4537
5.98 589.4537
5.99 591.5856
6.00 591.5856
6.01 695.9395
6.02 698.4565
6.03 698.4565
6.04 698.4565
6.05 698.4565
6.06 698.4565
6.07 591.5856
6.08 591.5856
6.09 591.5856
6.10 591.5856
6.11 591.5856
6.12 0.0000
6.13 0.0000
6.14 0.0000
6.15 0.0000
6.16 0.0000
6.17 0.0000
6.18 673.6909
6.19 673.6909
6.20 673.6909
6.21 673.6909
6.22 668.8442
6.23 666.4339
6.24 645.1286
6.25 629.0299
6.26 611.1226
6.27 608.9203
6.28 608.9203
6.29 608.9203
6.30 611.1226
6.31 626.7631
6.32 629.0299
6.33 629.0299
6.34 693.4316
6.35 693.4316
6.36 693.4316
6.37 678.5728
6.38 666.4339
6.39 664.0323
6.40 656.8794
6.41 652.1536
6.42 652.1536
6.43 652.1536
6.44 661.6394
6.45 666.4339
6.46 676.1274
6.47 678.5728
6.48 678.5728
6.49 678.5728
6.50 678.5728
6.51 668.8442
6.52 659.2551
6.53 0.0000
6.54 0.0000
6.55 0.0000
6.56 0.0000
6.57 0.0000
6.58 0.0000
6.59 0.0000
6.60 0.0000
6.61 0.0000
6.62 0.0000
6.63 0.0000
6.64 0.0000
6.65 0.0000
6.66 0.0000
6.67 0.0000
6.68 0.0000
6.69 0.0000
6.70 0.0000
6.71 0.0000
6.72 0.0000
6.73 0.0000
6.74 629.0299
6.75 629.0299
6.76 629.0299
6.77 629.0299
6.78 629.0299
6.79 626.7631
6.80 611.1226
6.81 591.5856
6.82 583.1041
6.83 583.1041
6.84 583.1041
6.85 589.4537
6.86 591.5856
6.87 611.1226
6.88 622.2540
6.89 629.0299
6.90 647.4619
6.91 659.2551
6.92 659.2551
6.93 659.2551
6.94 645.1286
6.95 629.0299
6.96 611.1226
6.97 591.5856
6.98 581.0028
6.99 581.0028
7.00 581.0028
7.01 589.4537
7.02 589.4537
7.03 626.7631
7.04 626.7631
7.05 629.0299
7.06 676.1274
7.07 676.1274
7.08 676.1274
7.09 673.6909
7.10 668.8442
7.11 666.4339
7.12 647.4619
7.13 626.7631
7.14 626.7631
7.15 626.7631
7.16 629.0299
7.17 629.0299
7.18 640.4874
7.19 640.4874
7.20 640.4874
7.21 629.0299
7.22 0.0000
7.23 0.0000
7.24 0.0000
7.25 0.0000
7.26 0.0000
7.27 0.0000
7.28 0.0000
7.29 0.0000
7.30 0.0000
7.31 0.0000
7.32 0.0000
7.33 0.0000
7.34 0.0000
7.35 0.0000
7.36 0.0000
7.37 0.0000
7.38 0.0000
7.39 0.0000
7.40 606.7260
7.41 606.7260
7.42 606.7260
7.43 0.0000
7.44 0.0000
7.45 0.0000
7.46 0.0000
7.47 568.5531
7.48 574.7443
7.49 576.8229
7.50 583.1041
7.51 589.4537
7.52 598.0275
7.53 608.9203
7.54 608.9203
7.55 608.9203
7.56 604.5396
7.57 591.5856
7.58 589.4537
7.59 564.4628
7.60 564.4628
7.61 564.4628
7.62 566.5043
7.63 574.7443
7.64 589.4537
7.65 589.4537
7.66 626.7631
7.67 629.0299
7.68 673.6909
7.69 673.6909
7.70 673.6909
7.71 671.2632
7.72 666.4339
7.73 647.4619
7.74 629.0299
7.75 611.1226
7.76 611.1226
7.77 611.1226
7.78 611.1226
7.79 611.1226
7.80 626.7631
7.81 629.0299
7.82 645.1286
7.83 666.4339
7.84 666.4339
7.85 666.4339
7.86 664.0323
7.87 0.0000
7.88 0.0000
7.89 0.0000
7.90 0.0000
7.91 0.0000
7.92 0.0000
7.93 0.0000
7.94 0.0000
7.95 0.0000
7.96 0.0000
7.97 0.0000
7.98 0.0000
7.99 0.0000
8.00 0.0000
8.01 0.0000
8.02 0.0000
8.03 0.0000
8.04 676.1274
8.05 676.1274
8.06 676.1274
8.07 676.1274
8.08 666.4339
8.09 647.4619
8.10 629.0299
8.11 591.5856
8.12 589.4537
8.13 589.4537
8.14 589.4537
8.15 589.4537
8.16 589.4537
8.17 589.4537
8.18 589.4537
8.19 0.0000
8.20 0.0000
8.21 0.0000
8.22 0.0000
8.23 570.6094
8.24 570.6094
8.25 589.4537
8.26 589.4537
8.27 589.4537
8.28 589.4537
8.29 589.4537
8.30 589.4537
8.31 589.4537
8.32 591.5856
8.33 629.0299
8.34 645.1286
8.35 647.4619
8.36 647.4619
8.37 647.4619
8.38 629.0299
8.39 629.0299
8.40 0.0000
8.41 0.0000
8.42 0.0000
8.43 0.0000
8.44 0.0000
8.45 0.0000
8.46 523.2511
8.47 556.3702
8.48 556.3702
8.49 568.5531
8.50 568.5531
8.51 568.5531
8.52 556.3702
8.53 550.3770
8.54 550.3770
8.55 550.3770
8.56 550.3770
8.57 550.3770
8.58 562.4287
8.59 562.4287
8.60 562.4287
8.61 556.3702
8.62 556.3702
8.63 0.0000
8.64 0.0000
8.65 0.0000
8.66 0.0000
8.67 0.0000
8.68 0.0000
8.69 0.0000
8.70 0.0000
8.71 0.0000
8.72 556.3702
8.73 558.3824
8.74 558.3824
8.75 558.3824
8.76 556.3702
8.77 546.4174
8.78 536.6427
8.79 0.0000
8.80 0.0000
8.81 0.0000
8.82 0.0000
8.83 0.0000
8.84 0.0000
8.85 0.0000
8.86 0.0000
8.87 0.0000
8.88 0.0000
8.89 0.0000
8.90 0.0000
8.91 0.0000
8.92 0.0000
8.93 0.0000
8.94 0.0000
8.95 0.0000
8.96 0.0000
8.97 0.0000
8.98 0.0000
8.99 0.0000
9.00 0.0000
9.01 0.0000
9.02 0.0000
9.03 0.0000
9.04 0.0000
9.05 0.0000
9.06 0.0000
9.07 0.0000
9.08 591.5856
9.09 591.5856
9.10 591.5856
9.11 570.6094
9.12 0.0000
9.13 0.0000
9.14 0.0000
9.15 0.0000
9.16 0.0000
9.17 0.0000
9.18 0.0000
9.19 576.8229
9.20 578.9091
9.21 578.9091
9.22 578.9091
9.23 0.0000
9.24 0.0000
9.25 0.0000
9.26 0.0000
9.27 0.0000
9.28 0.0000
9.29 0.0000
9.30 0.0000
9.31 0.0000
9.32 0.0000
9.33 0.0000
9.34 0.0000
9.35 0.0000
9.36 0.0000
9.37 0.0000
9.38 0.0000
9.39 0.0000
9.40 0.0000
9.41 0.0000
9.42 0.0000
9.43 521.3655
9.44 521.3655
9.45 521.3655
9.46 521.3655
9.47 519.4867
9.48 504.6979
9.49 488.5632
9.50 479.8234
9.51 479.8234
9.52 479.8234
9.53 481.5588
9.54 490.3302
9.55 504.6979
9.56 521.3655
9.57 532.7819
9.58 544.4483
9.59 544.4483
9.60 544.4483
9.61 521.3655
9.62 521.3655
9.63 504.6979
9.64 497.4622
9.65 490.3302
9.66 490.3302
9.67 490.3302
9.68 506.5233
9.69 521.3655
9.70 523.2511
9.71 574.7443
9.72 589.4537
9.73 591.5856
9.74 591.5856
9.75 591.5856
9.76 591.5856
9.77 570.6094
9.78 550.3770
9.79 534.7088
9.80 515.7494
9.81 515.7494
9.82 515.7494
9.83 515.7494
9.84 506.5233
9.85 504.6979
9.86 504.6979
9.87 504.6979
9.88 504.6979
9.89 504.6979
9.90 504.6979
9.91 0.0000
9.92 0.0000
9.93 0.0000
9.94 0.0000
9.95 0.0000
9.96 0.0000
9.97 0.0000
9.98 0.0000
9.99 0.0000
10.00 0.0000
10.01 0.0000
10.02 0.0000
10.03 479.8234
10.04 479.8234
10.05 486.8026
10.06 501.0670
10.07 504.6979
10.08 504.6979
10.09 504.6979
10.10 502.8792
10.11 497.4622
10.12 486.8026
10.13 479.8234
10.14 472.9443
10.15 472.9443
10.16 472.9443
10.17 479.8234
10.18 485.0483
10.19 490.3302
10.20 508.3552
10.21 519.4867
10.22 521.3655
10.23 521.3655
10.24 521.3655
10.25 521.3655
10.26 515.7494
10.27 502.8792
10.28 495.6695
10.29 479.8234
10.30 479.8234
10.31 479.8234
10.32 502.8792
10.33 521.3655
10.34 523.2511
10.35 556.3702
10.36 568.5531
10.37 576.8229
10.38 581.0028
10.39 581.0028
10.40 581.0028
10.41 578.9091
10.42 550.3770
10.43 550.3770
10.44 548.3936
10.45 523.2511
10.46 523.2511
10.47 523.2511
10.48 532.7819
10.49 556.3702
10.50 574.7443
10.51 576.8229
10.52 576.8229
10.53 576.8229
10.54 0.0000
10.55 0.0000
10.56 0.0000
10.57 0.0000
10.58 0.0000
10.59 0.0000
10.60 0.0000
10.61 0.0000
10.62 0.0000
10.63 0.0000
10.64 0.0000
10.65 0.0000
10.66 0.0000
10.67 0.0000
10.68 0.0000
10.69 0.0000
10.70 0.0000
10.71 0.0000
10.72 566.5043
10.73 576.8229
10.74 576.8229
10.75 576.8229
10.76 568.5531
10.77 550.3770
10.78 550.3770
10.79 548.3936
10.80 521.3655
10.81 521.3655
10.82 521.3655
10.83 523.2511
10.84 534.7088
10.85 574.7443
10.86 576.8229
10.87 589.4537
10.88 593.7251
10.89 593.7251
10.90 593.7251
10.91 591.5856
10.92 570.6094
10.93 570.6094
10.94 550.3770
10.95 548.3936
10.96 515.7494
10.97 515.7494
10.98 515.7494
10.99 523.2511
11.00 534.7088
11.01 556.3702
11.02 574.7443
11.03 574.7443
11.04 574.7443
11.05 570.6094
11.06 550.3770
11.07 534.7088
11.08 523.2511
11.09 413.8081
11.10 412.3169
11.11 412.3169
11.12 412.3169
11.13 424.3987
11.14 432.1289
11.15 440.0000
11.16 441.5913
11.17 441.5913
11.18 441.5913
11.19 440.0000
11.20 436.8345
11.21 427.4741
11.22 422.8693
11.23 422.8693
11.24 422.8693
11.25 424.3987
11.26 432.1289
11.27 438.4144
11.28 446.3999
11.29 452.8930
11.30 461.1423
11.31 461.1423
11.32 461.1423
11.33 461.1423
11.34 461.1423
11.35 0.0000
11.36 0.0000
11.37 0.0000
11.38 0.0000
11.39 0.0000
11.40 0.0000
11.41 0.0000
11.42 427.4741
11.43 438.4144
11.44 446.3999
11.45 446.3999
11.46 446.3999
11.47 440.0000
11.48 440.0000
11.49 429.0201
11.50 416.8067
11.51 415.3047
11.52 0.0000
11.53 0.0000
11.54 0.0000
11.55 0.0000
11.56 0.0000
11.57 0.0000
11.58 0.0000
11.59 0.0000
11.60 0.0000
11.61 0.0000
11.62 0.0000
11.63 0.0000
11.64 0.0000
11.65 0.0000
11.66 0.0000
11.67 0.0000
11.68 0.0000
11.69 0.0000
11.70 0.0000
11.71 0.0000
11.72 0.0000
11.73 0.0000
11.74 0.0000
11.75 0.0000
11.76 0.0000
11.77 0.0000
11.78 0.0000
11.79 0.0000
11.80 0.0000
11.81 0.0000
11.82 0.0000
11.83 438.4144
11.84 448.0144
11.85 454.5309
11.86 454.5309
11.87 454.5309
11.88 449.6347
11.89 446.3999
11.90 446.3999
11.91 446.3999
11.92 449.6347
11.93 459.4805
11.94 467.8497
11.95 474.6548
11.96 486.8026
11.97 486.8026
11.98 486.8026
11.99 479.8234
12.00 474.6548
12.01 464.4839
12.02 461.1423
12.03 0.0000
12.04 0.0000
12.05 0.0000
12.06 0.0000
12.07 0.0000
12.08 0.0000
12.09 0.0000
12.10 0.0000
12.11 0.0000
12.12 0.0000
12.13 0.0000
12.14 0.0000
12.15 0.0000
12.16 0.0000
12.17 0.0000
12.18 0.0000
12.19 0.0000
12.20 0.0000
12.21 0.0000
12.22 0.0000
12.23 0.0000
12.24 0.0000
12.25 416.8067
12.26 416.8067
12.27 416.8067
12.28 416.8067
12.29 416.8067
12.30 412.3169
12.31 403.4818
12.32 393.4132
12.33 378.0962
12.34 375.3761
12.35 375.3761
12.36 375.3761
12.37 384.9831
12.38 389.1753
12.39 415.3047
12.40 441.5913
12.41 441.5913
12.42 441.5913
12.43 440.0000
12.44 435.2603
12.45 429.0201
12.46 415.3047
12.47 393.4132
12.48 378.0962
12.49 372.6756
12.50 372.6756
12.51 372.6756
12.52 393.4132
12.53 407.8754
12.54 416.8067
12.55 440.0000
12.56 451.2609
12.57 457.8247
12.58 462.8100
12.59 462.8100
12.60 462.8100
12.61 461.1423
12.62 440.0000
12.63 440.0000
12.64 415.3047
12.65 412.3169
12.66 412.3169
12.67 412.3169
12.68 419.8271
12.69 430.5717
12.70 430.5717
12.71 451.2609
12.72 461.1423
12.73 461.1423
12.74 461.1423
12.75 459.4805
12.76 452.8930
12.77 448.0144
12.78 441.5913
12.79 427.4741
12.80 422.8693
12.81 416.8067
12.82 410.8310
12.83 409.3506
12.84 0.0000
12.85 0.0000
12.86 0.0000
12.87 0.0000
12.88 0.0000
12.89 0.0000
12.90 0.0000
12.91 0.0000
12.92 0.0000
12.93 386.3755
12.94 387.7729
12.95 389.1753
12.96 391.9954
12.97 393.4132
12.98 394.8360
12.99 397.6971
13.00 399.1355
13.01 399.1355
13.02 399.1355
13.03 399.1355
13.04 399.1355
13.05 396.2640
13.06 394.8360
13.07 391.9954
13.08 387.7729
13.09 386.3755
13.10 386.3755
13.11 386.3755
13.12 387.7729
13.13 389.1753
13.14 393.4132
13.15 393.4132
13.16 397.6971
13.17 403.4818
13.18 403.4818
13.19 403.4818
13.20 403.4818
13.21 399.1355
13.22 396.2640
13.23 393.4132
13.24 391.9954
13.25 384.9831
13.26 384.9831
13.27 384.9831
13.28 394.8360
13.29 432.1289
13.30 438.4144
13.31 448.0144
13.32 448.0144
13.33 448.0144
13.34 448.0144
13.35 440.0000
13.36 440.0000
13.37 415.3047
13.38 415.3047
13.39 415.3047
13.40 415.3047
13.41 418.3142
13.42 432.1289
13.43 438.4144
13.44 448.0144
13.45 461.1423
13.46 461.1423
13.47 461.1423
13.48 461.1423
13.49 444.7913
13.50 444.7913
13.51 444.7913
13.52 444.7913
13.53 443.1884
13.54 443.1884
13.55 443.1884
13.56 443.1884
13.57 443.1884
13.58 443.1884
13.59 443.1884
13.60 443.1884
13.61 443.1884
13.62 443.1884
13.63 443.1884
13.64 443.1884
13.65 0.0000
13.66 0.0000
13.67 0.0000
13.68 0.0000
13.69 443.1884
13.70 444.7913
13.71 446.3999
13.72 448.0144
13.73 448.0144
13.74 448.0144
13.75 446.3999
13.76 444.7913
13.77 438.4144
13.78 427.4741
13.79 427.4741
13.80 427.4741
13.81 427.4741
13.82 432.1289
13.83 438.4144
13.84 449.6347
13.85 452.8930
13.86 464.4839
13.87 472.9443
13.88 472.9443
13.89 472.9443
13.90 464.4839
13.91 456.1748
13.92 441.5913
13.93 427.4741
13.94 424.3987
13.95 416.8067
13.96 416.8067
13.97 416.8067
13.98 419.8271
13.99 430.5717
14.00 436.8345
14.01 444.7913
14.02 449.6347
14.03 449.6347
14.04 449.6347
14.05 449.6347
14.06 440.0000
14.07 433.6918
14.08 416.8067
14.09 415.3047
14.10 396.2640
14.11 393.4132
14.12 376.7337
14.13 367.3326
14.14 367.3326
14.15 351.7589
14.16 350.4913
14.17 350.4913
14.18 350.4913
14.19 356.8753
14.20 367.3326
14.21 372.6756
14.22 378.0962
14.23 382.2134
14.24 382.2134
14.25 382.2134
14.26 380.8361
14.27 380.8361
14.28 380.8361
14.29 379.4637
14.30 378.0962
14.31 376.7337
14.32 376.7337
14.33 376.7337
14.34 376.7337
14.35 376.7337
14.36 376.7337
14.37 384.9831
14.38 384.9831
14.39 384.9831
14.40 383.5958
14.41 378.0962
14.42 378.0962
14.43 376.7337
14.44 376.7337
14.45 375.3761
14.46 372.6756
14.47 371.3326
14.48 368.6611
14.49 0.0000
14.50 0.0000
14.51 0.0000
14.52 0.0000
14.53 0.0000
14.54 0.0000
14.55 0.0000
14.56 0.0000
14.57 353.0311
14.58 356.8753
14.59 360.7615
14.60 367.3326
14.61 372.6756
14.62 372.6756
14.63 372.6756
14.64 372.6756
14.65 371.3326
14.66 368.6611
14.67 364.6899
14.68 363.3757
14.69 363.3757
14.70 363.3757
14.71 363.3757
14.72 367.3326
14.73 371.3326
14.74 372.6756
14.75 382.2134
14.76 383.5958
14.77 383.5958
14.78 383.5958
14.79 382.2134
14.80 376.7337
14.81 371.3326
14.82 359.4614
14.83 355.5893
14.84 347.9697
14.85 347.9697
14.86 347.9697
14.87 350.4913
14.88 367.3326
14.89 368.6611
14.90 372.6756
14.91 383.5958
14.92 390.5828
14.93 390.5828
14.94 390.5828
14.95 389.1753
14.96 383.5958
14.97 372.6756
14.98 367.3326
14.99 355.5893
15.00 351.7589
15.01 351.7589
15.02 351.7589
15.03 351.7589
15.04 359.4614
15.05 367.3326
15.06 371.3326
15.07 383.5958
15.08 391.9954
15.09 391.9954
15.10 391.9954
15.11 391.9954
15.12 376.7337
15.13 367.3326
15.14 355.5893
15.15 351.7589
15.16 351.7589
15.17 349.2282
15.18 349.2282
15.19 351.7589
15.20 372.6756
15.21 372.6756
15.22 384.9831
15.23 384.9831
15.24 384.9831
15.25 380.8361
15.26 0.0000
15.27 0.0000
15.28 0.0000
15.29 0.0000
15.30 0.0000
15.31 0.0000
15.32 0.0000
15.33 0.0000
15.34 0.0000
15.35 0.0000
15.36 0.0000
15.37 0.0000
15.38 0.0000
15.39 0.0000
15.40 0.0000
15.41 0.0000
15.42 0.0000
15.43 0.0000
15.44 0.0000
15.45 0.0000
15.46 0.0000
15.47 0.0000
15.48 0.0000
15.49 0.0000
15.50 0.0000
15.51 0.0000
15.52 0.0000
15.53 0.0000
15.54 0.0000
15.55 0.0000
15.56 0.0000
15.57 0.0000
15.58 0.0000
15.59 0.0000
15.60 0.0000
15.61 0.0000
15.62 0.0000
15.63 0.0000
15.64 0.0000
15.65 0.0000
15.66 0.0000
15.67 0.0000
15.68 0.0000
15.69 0.0000
15.70 0.0000
15.71 0.0000
15.72 0.0000
15.73 0.0000
15.74 0.0000
15.75 0.0000
15.76 0.0000
15.77 0.0000
15.78 0.0000
15.79 0.0000
15.80 0.0000
15.81 0.0000
15.82 0.0000
15.83 0.0000
15.84 0.0000
15.85 0.0000
15.86 0.0000
15.87 0.0000
15.88 0.0000
15.89 0.0000
15.90 0.0000
15.91 0.0000
15.92 0.0000
15.93 0.0000
15.94 0.0000
15.95 0.0000
15.96 0.0000
15.97 0.0000
15.98 0.0000
15.99 0.0000
16.00 0.0000
16.01 0.0000
16.02 0.0000
16.03 0.0000
16.04 0.0000
16.05 0.0000
16.06 0.0000
16.07 0.0000
16.08 0.0000
16.09 0.0000
16.10 0.0000
16.11 0.0000
