0.00 0.0000
0.01 0.0000
0.02 0.0000
0.03 0.0000
0.04 0.0000
0.05 0.0000
0.06 0.0000
0.07 0.0000
0.08 0.0000
0.09 0.0000
0.10 0.0000
0.11 0.0000
0.12 0.0000
0.13 0.0000
0.14 0.0000
0.15 0.0000
0.16 0.0000
0.17 0.0000
0.18 0.0000
0.19 0.0000
0.20 0.0000
0.21 0.0000
0.22 0.0000
0.23 0.0000
0.24 0.0000
0.25 0.0000
0.26 0.0000
0.27 0.0000
0.28 0.0000
0.29 0.0000
0.30 0.0000
0.31 0.0000
0.32 0.0000
0.33 0.0000
0.34 0.0000
0.35 0.0000
0.36 0.0000
0.37 0.0000
0.38 175.2456
0.39 175.2456
0.40 175.2456
0.41 175.2456
0.42 175.2456
0.43 175.2456
0.44 175.8794
0.45 177.7946
0.46 182.3449
0.47 184.9972
0.48 192.4916
0.49 195.9977
0.50 199.5677
0.51 200.2895
0.52 200.2895
0.53 200.2895
0.54 200.2895
0.55 200.2895
0.56 200.2895
0.57 201.0139
0.58 201.7409
0.59 206.9040
0.60 207.6523
0.61 218.4173
0.62 221.5942
0.63 223.2000
0.64 232.2419
0.65 233.9249
0.66 234.7709
0.67 234.7709
0.68 234.7709
0.69 233.9249
0.70 233.0819
0.71 232.2419
0.72 231.4050
0.73 231.4050
0.74 231.4050
0.75 231.4050
0.76 232.2419
0.77 233.0819
0.78 233.0819
0.79 233.0819
0.80 233.0819
0.81 233.9249
0.82 236.4721
0.83 236.4721
0.84 236.4721
0.85 236.4721
0.86 236.4721
0.87 235.6200
0.88 234.7709
0.89 233.0819
0.90 232.2419
0.91 230.5711
0.92 229.7402
0.93 228.0874
0.94 228.0874
0.95 228.0874
0.96 228.0874
0.97 229.7402
0.98 231.4050
0.99 232.2419
1.00 234.7709
1.01 237.3274
1.02 237.3274
1.03 237.3274
1.04 237.3274
1.05 236.4721
1.06 235.6200
1.07 233.0819
1.08 230.5711
1.09 228.9123
1.10 228.9123
1.11 228.9123
1.12 228.9123
1.13 229.7402
1.14 231.4050
1.15 233.9249
1.16 237.3274
1.17 239.0471
1.18 239.9117
1.19 239.9117
1.20 239.9117
1.21 239.9117
1.22 239.0471
1.23 236.4721
1.24 233.9249
1.25 233.9249
1.26 233.9249
1.27 233.9249
1.28 233.9249
1.29 0.0000
1.30 0.0000
1.31 0.0000
1.32 0.0000
1.33 0.0000
1.34 0.0000
1.35 0.0000
1.36 0.0000
1.37 0.0000
1.38 0.0000
1.39 0.0000
1.40 0.0000
1.41 0.0000
1.42 0.0000
1.43 0.0000
1.44 0.0000
1.45 0.0000
1.46 0.0000
1.47 0.0000
1.48 0.0000
1.49 0.0000
1.50 0.0000
1.51 0.0000
1.52 0.0000
1.53 0.0000
1.54 0.0000
1.55 0.0000
1.56 0.0000
1.57 0.0000
1.58 0.0000
1.59 0.0000
1.60 0.0000
1.61 0.0000
1.62 0.0000
1.63 0.0000
1.64 0.0000
1.65 0.0000
1.66 0.0000
1.67 0.0000
1.68 0.0000
1.69 0.0000
1.70 0.0000
1.71 0.0000
1.72 0.0000
1.73 0.0000
1.74 0.0000
1.75 0.0000
1.76 0.0000
1.77 0.0000
1.78 0.0000
1.79 0.0000
1.80 0.0000
1.81 0.0000
1.82 175.2456
1.83 175.2456
1.84 175.2456
1.85 175.2456
1.86 177.7946
1.87 179.7307
1.88 184.3305
1.89 186.3378
1.90 192.4916
1.91 200.2895
1.92 201.0139
1.93 202.4705
1.94 202.4705
1.95 202.4705
1.96 202.4705
1.97 201.7409
1.98 201.7409
1.99 201.7409
2.00 201.7409
2.01 206.1584
2.02 218.4173
2.03 219.2072
2.04 221.5942
2.05 225.6305
2.06 231.4050
2.07 232.2419
2.08 233.0819
2.09 233.0819
2.10 233.0819
2.11 232.2419
2.12 232.2419
2.13 232.2419
2.14 232.2419
2.15 232.2419
2.16 232.2419
2.17 230.5711
2.18 230.5711
2.19 230.5711
2.20 230.5711
2.21 230.5711
2.22 231.4050
2.23 232.2419
2.24 233.0819
2.25 234.7709
2.26 235.6200
2.27 235.6200
2.28 235.6200
2.29 234.7709
2.30 234.7709
2.31 233.9249
2.32 233.0819
2.33 231.4050
2.34 230.5711
2.35 230.5711
2.36 230.5711
2.37 231.4050
2.38 231.4050
2.39 233.0819
2.40 233.9249
2.41 236.4721
2.42 238.1857
2.43 239.0471
2.44 239.0471
2.45 239.0471
2.46 239.0471
2.47 239.0471
2.48 236.4721
2.49 235.6200
2.50 233.0819
2.51 230.5711
2.52 228.9123
2.53 228.9123
2.54 228.9123
2.55 229.7402
2.56 232.2419
2.57 233.0819
2.58 239.0471
2.59 239.9117
2.60 239.9117
2.61 239.9117
2.62 239.9117
2.63 239.9117
2.64 239.0471
2.65 235.6200
2.66 233.9249
2.67 233.9249
2.68 233.0819
2.69 0.0000
2.70 0.0000
2.71 0.0000
2.72 0.0000
2.73 0.0000
2.74 0.0000
2.75 0.0000
2.76 0.0000
2.77 0.0000
2.78 0.0000
2.79 0.0000
2.80 0.0000
2.81 0.0000
2.82 0.0000
2.83 0.0000
2.84 0.0000
2.85 0.0000
2.86 0.0000
2.87 0.0000
2.88 0.0000
2.89 0.0000
2.90 0.0000
2.91 0.0000
2.92 0.0000
2.93 0.0000
2.94 0.0000
2.95 0.0000
2.96 0.0000
2.97 0.0000
2.98 0.0000
2.99 0.0000
3.00 0.0000
3.01 0.0000
3.02 0.0000
3.03 0.0000
3.04 0.0000
3.05 0.0000
3.06 0.0000
3.07 0.0000
3.08 0.0000
3.09 0.0000
3.10 0.0000
3.11 0.0000
3.12 0.0000
3.13 0.0000
3.14 0.0000
3.15 0.0000
3.16 192.4916
3.17 192.4916
3.18 192.4916
3.19 192.4916
3.20 192.4916
3.21 192.4916
3.22 193.8864
3.23 194.5877
3.24 195.2914
3.25 195.2914
3.26 195.9977
3.27 195.9977
3.28 197.4180
3.29 198.1320
3.30 198.8486
3.31 198.8486
3.32 198.8486
3.33 198.8486
3.34 198.8486
3.35 199.5677
3.36 201.0139
3.37 206.9040
3.38 218.4173
3.39 219.2072
3.40 232.2419
3.41 235.6200
3.42 235.6200
3.43 235.6200
3.44 235.6200
3.45 233.9249
3.46 233.0819
3.47 233.0819
3.48 233.0819
3.49 236.4721
3.50 242.5242
3.51 248.7311
3.52 250.5335
3.53 259.7434
3.54 260.6828
3.55 260.6828
3.56 260.6828
3.57 259.7434
3.58 259.7434
3.59 259.7434
3.60 259.7434
3.61 259.7434
3.62 259.7434
3.63 260.6828
3.64 261.6256
3.65 261.6256
3.66 265.4310
3.67 266.3910
3.68 266.3910
3.69 266.3910
3.70 266.3910
3.71 266.3910
3.72 265.4310
3.73 265.4310
3.74 264.4745
3.75 264.4745
3.76 264.4745
3.77 264.4745
3.78 265.4310
3.79 265.4310
3.80 265.4310
3.81 265.4310
3.82 265.4310
3.83 265.4310
3.84 265.4310
3.85 264.4745
3.86 262.5718
3.87 262.5718
3.88 261.6256
3.89 260.6828
3.90 260.6828
3.91 260.6828
3.92 260.6828
3.93 260.6828
3.94 260.6828
3.95 260.6828
3.96 260.6828
3.97 260.6828
3.98 260.6828
3.99 260.6828
4.00 260.6828
4.01 261.6256
4.02 261.6256
4.03 263.5214
4.04 263.5214
4.05 263.5214
4.06 263.5214
4.07 263.5214
4.08 263.5214
4.09 263.5214
4.10 264.4745
4.11 264.4745
4.12 265.4310
4.13 266.3910
4.14 266.3910
4.15 269.2918
4.16 270.2657
4.17 272.2242
4.18 274.1968
4.19 277.1826
4.20 278.1851
4.21 278.1851
4.22 288.4115
4.23 292.6065
4.24 323.7309
4.25 323.7309
4.26 323.7309
4.27 0.0000
4.28 0.0000
4.29 0.0000
4.30 0.0000
4.31 0.0000
4.32 0.0000
4.33 0.0000
4.34 0.0000
4.35 0.0000
4.36 0.0000
4.37 0.0000
4.38 0.0000
4.39 0.0000
4.40 0.0000
4.41 0.0000
4.42 0.0000
4.43 0.0000
4.44 0.0000
4.45 0.0000
4.46 0.0000
4.47 0.0000
4.48 0.0000
4.49 0.0000
4.50 0.0000
4.51 0.0000
4.52 0.0000
4.53 0.0000
4.54 0.0000
4.55 0.0000
4.56 0.0000
4.57 0.0000
4.58 0.0000
4.59 0.0000
4.60 0.0000
4.61 0.0000
4.62 0.0000
4.63 0.0000
4.64 0.0000
4.65 0.0000
4.66 0.0000
4.67 0.0000
4.68 179.7307
4.69 179.7307
4.70 180.3807
4.71 182.3449
4.72 183.6663
4.73 184.9972
4.74 186.3378
4.75 191.7979
4.76 193.1877
4.77 193.8864
4.78 194.5877
4.79 194.5877
4.80 195.2914
4.81 195.2914
4.82 195.2914
4.83 0.0000
4.84 0.0000
4.85 0.0000
4.86 0.0000
4.87 0.0000
4.88 0.0000
4.89 0.0000
4.90 0.0000
4.91 0.0000
4.92 0.0000
4.93 0.0000
4.94 0.0000
4.95 0.0000
4.96 0.0000
4.97 0.0000
4.98 0.0000
4.99 0.0000
5.00 0.0000
5.01 0.0000
5.02 0.0000
5.03 0.0000
5.04 0.0000
5.05 0.0000
5.06 0.0000
5.07 0.0000
5.08 0.0000
5.09 0.0000
5.10 0.0000
5.11 0.0000
5.12 0.0000
5.13 0.0000
5.14 0.0000
5.15 270.2657
5.16 270.2657
5.17 270.2657
5.18 269.2918
5.19 269.2918
5.20 266.3910
5.21 265.4310
5.22 261.6256
5.23 259.7434
5.24 259.7434
5.25 259.7434
5.26 259.7434
5.27 259.7434
5.28 260.6828
5.29 262.5718
5.30 266.3910
5.31 270.2657
5.32 271.2432
5.33 271.2432
5.34 271.2432
5.35 270.2657
5.36 270.2657
5.37 266.3910
5.38 265.4310
5.39 262.5718
5.40 260.6828
5.41 259.7434
5.42 259.7434
5.43 259.7434
5.44 259.7434
5.45 259.7434
5.46 260.6828
5.47 263.5214
5.48 266.3910
5.49 270.2657
5.50 270.2657
5.51 270.2657
5.52 270.2657
5.53 270.2657
5.54 270.2657
5.55 266.3910
5.56 266.3910
5.57 262.5718
5.58 260.6828
5.59 260.6828
5.60 260.6828
5.61 260.6828
5.62 262.5718
5.63 264.4745
5.64 266.3910
5.65 266.3910
5.66 269.2918
5.67 269.2918
5.68 269.2918
5.69 269.2918
5.70 266.3910
5.71 259.7434
5.72 259.7434
5.73 255.0969
5.74 255.0969
5.75 255.0969
5.76 0.0000
5.77 0.0000
5.78 0.0000
5.79 0.0000
5.80 0.0000
5.81 0.0000
5.82 0.0000
5.83 0.0000
5.84 0.0000
5.85 0.0000
5.86 0.0000
5.87 0.0000
5.88 0.0000
5.89 0.0000
5.90 0.0000
5.91 0.0000
5.92 0.0000
5.93 0.0000
5.94 0.0000
5.95 0.0000
5.96 0.0000
5.97 0.0000
5.98 0.0000
5.99 0.0000
6.00 0.0000
6.01 0.0000
6.02 0.0000
6.03 0.0000
6.04 0.0000
6.05 0.0000
6.06 0.0000
6.07 0.0000
6.08 0.0000
6.09 0.0000
6.10 0.0000
6.11 0.0000
6.12 0.0000
6.13 0.0000
6.14 0.0000
6.15 0.0000
6.16 0.0000
6.17 0.0000
6.18 0.0000
6.19 0.0000
6.20 0.0000
6.21 0.0000
6.22 0.0000
6.23 0.0000
6.24 0.0000
6.25 0.0000
6.26 0.0000
6.27 413.8081
6.28 413.8081
6.29 413.8081
6.30 384.9831
6.31 332.0162
6.32 332.0162
6.33 287.3721
6.34 287.3721
6.35 287.3721
6.36 287.3721
6.37 288.4115
6.38 291.5521
6.39 293.6648
6.40 303.3630
6.41 303.3630
6.42 311.1270
6.43 314.5149
6.44 317.9398
6.45 317.9398
6.46 317.9398
6.47 316.7940
6.48 315.6524
6.49 314.5149
6.50 314.5149
6.51 311.1270
6.52 311.1270
6.53 311.1270
6.54 310.0058
6.55 310.0058
6.56 308.8886
6.57 307.7755
6.58 304.4602
6.59 303.3630
6.60 301.1805
6.61 301.1805
6.62 301.1805
6.63 302.2698
6.64 302.2698
6.65 303.3630
6.66 303.3630
6.67 303.3630
6.68 303.3630
6.69 0.0000
6.70 0.0000
6.71 0.0000
6.72 0.0000
6.73 0.0000
6.74 0.0000
6.75 0.0000
6.76 0.0000
6.77 0.0000
6.78 0.0000
6.79 277.1826
6.80 277.1826
6.81 277.1826
6.82 273.2087
6.83 272.2242
6.84 266.3910
6.85 264.4745
6.86 264.4745
6.87 264.4745
6.88 264.4745
6.89 264.4745
6.90 264.4745
6.91 262.5718
6.92 260.6828
6.93 259.7434
6.94 255.0969
6.95 254.1776
6.96 248.7311
6.97 0.0000
6.98 0.0000
6.99 0.0000
7.00 0.0000
7.01 0.0000
7.02 233.0819
7.03 233.9249
7.04 234.7709
7.05 235.6200
7.06 235.6200
7.07 235.6200
7.08 234.7709
7.09 233.9249
7.10 233.0819
7.11 233.0819
7.12 233.0819
7.13 235.6200
7.14 239.0471
7.15 240.7794
7.16 243.4013
7.17 243.4013
7.18 243.4013
7.19 243.4013
7.20 243.4013
7.21 240.7794
7.22 239.0471
7.23 236.4721
7.24 236.4721
7.25 236.4721
7.26 237.3274
7.27 239.0471
7.28 239.9117
7.29 242.5242
7.30 246.0518
7.31 247.8348
7.32 247.8348
7.33 247.8348
7.34 246.9417
7.35 246.0518
7.36 244.2816
7.37 243.4013
7.38 242.5242
7.39 240.7794
7.40 0.0000
7.41 0.0000
7.42 0.0000
7.43 0.0000
7.44 0.0000
7.45 0.0000
7.46 0.0000
7.47 0.0000
7.48 0.0000
7.49 0.0000
7.50 171.4905
7.51 174.6141
7.52 174.6141
7.53 174.6141
7.54 175.2456
7.55 184.3305
7.56 186.3378
7.57 193.8864
7.58 200.2895
7.59 201.0139
7.60 201.7409
7.61 201.7409
7.62 201.7409
7.63 201.7409
7.64 201.0139
7.65 200.2895
7.66 200.2895
7.67 200.2895
7.68 200.2895
7.69 200.2895
7.70 0.0000
7.71 0.0000
7.72 0.0000
7.73 0.0000
7.74 0.0000
7.75 0.0000
7.76 0.0000
7.77 0.0000
7.78 0.0000
7.79 0.0000
7.80 0.0000
7.81 0.0000
7.82 0.0000
7.83 0.0000
7.84 0.0000
7.85 0.0000
7.86 0.0000
7.87 0.0000
7.88 0.0000
7.89 0.0000
7.90 0.0000
7.91 0.0000
7.92 0.0000
7.93 0.0000
7.94 0.0000
7.95 0.0000
7.96 0.0000
7.97 0.0000
7.98 236.4721
7.99 236.4721
8.00 236.4721
8.01 235.6200
8.02 234.7709
8.03 233.0819
8.04 231.4050
8.05 230.5711
8.06 230.5711
8.07 230.5711
8.08 230.5711
8.09 232.2419
8.10 233.9249
8.11 236.4721
8.12 237.3274
8.13 238.1857
8.14 238.1857
8.15 238.1857
8.16 238.1857
8.17 237.3274
8.18 235.6200
8.19 233.9249
8.20 233.0819
8.21 233.0819
8.22 233.0819
8.23 233.0819
8.24 235.6200
8.25 237.3274
8.26 239.0471
8.27 239.0471
8.28 239.0471
8.29 239.0471
8.30 239.0471
8.31 238.1857
8.32 235.6200
8.33 234.7709
8.34 233.9249
8.35 233.9249
8.36 0.0000
8.37 0.0000
8.38 0.0000
8.39 0.0000
8.40 0.0000
8.41 0.0000
8.42 0.0000
8.43 0.0000
8.44 0.0000
8.45 0.0000
8.46 0.0000
8.47 0.0000
8.48 0.0000
8.49 0.0000
8.50 0.0000
8.51 0.0000
8.52 0.0000
8.53 0.0000
8.54 0.0000
8.55 0.0000
8.56 0.0000
8.57 0.0000
8.58 0.0000
8.59 0.0000
8.60 0.0000
8.61 0.0000
8.62 0.0000
8.63 0.0000
8.64 0.0000
8.65 0.0000
8.66 0.0000
8.67 0.0000
8.68 0.0000
8.69 0.0000
8.70 0.0000
8.71 0.0000
8.72 0.0000
8.73 0.0000
8.74 0.0000
8.75 0.0000
8.76 0.0000
8.77 0.0000
8.78 0.0000
8.79 0.0000
8.80 0.0000
8.81 0.0000
8.82 0.0000
8.83 0.0000
8.84 0.0000
8.85 0.0000
8.86 0.0000
8.87 0.0000
8.88 0.0000
8.89 0.0000
8.90 0.0000
8.91 0.0000
8.92 0.0000
8.93 0.0000
8.94 0.0000
8.95 0.0000
8.96 0.0000
8.97 182.3449
8.98 184.3305
8.99 195.2914
9.00 195.9977
9.01 200.2895
9.02 200.2895
9.03 201.0139
9.04 201.0139
9.05 201.0139
9.06 201.0139
9.07 201.0139
9.08 0.0000
9.09 0.0000
9.10 0.0000
9.11 0.0000
9.12 0.0000
9.13 0.0000
9.14 0.0000
9.15 0.0000
9.16 0.0000
9.17 0.0000
9.18 0.0000
9.19 0.0000
9.20 0.0000
9.21 0.0000
9.22 0.0000
9.23 0.0000
9.24 0.0000
9.25 0.0000
9.26 0.0000
9.27 0.0000
9.28 0.0000
9.29 0.0000
9.30 0.0000
9.31 0.0000
9.32 0.0000
9.33 0.0000
9.34 0.0000
9.35 0.0000
9.36 0.0000
9.37 0.0000
9.38 0.0000
9.39 0.0000
9.40 0.0000
9.41 239.0471
9.42 239.0471
9.43 239.0471
9.44 239.0471
9.45 235.6200
9.46 233.0819
9.47 232.2419
9.48 232.2419
9.49 232.2419
9.50 232.2419
9.51 233.9249
9.52 237.3274
9.53 239.9117
9.54 241.6502
9.55 248.7311
9.56 248.7311
9.57 248.7311
9.58 248.7311
9.59 248.7311
9.60 0.0000
9.61 0.0000
9.62 0.0000
9.63 0.0000
9.64 0.0000
9.65 0.0000
9.66 0.0000
9.67 0.0000
9.68 0.0000
9.69 0.0000
9.70 0.0000
9.71 0.0000
9.72 0.0000
9.73 241.6502
9.74 241.6502
9.75 241.6502
9.76 240.7794
9.77 240.7794
9.78 239.9117
9.79 235.6200
9.80 233.9249
9.81 233.9249
9.82 233.0819
9.83 233.0819
9.84 233.0819
9.85 233.0819
9.86 233.9249
9.87 239.9117
9.88 241.6502
9.89 242.5242
9.90 242.5242
9.91 242.5242
9.92 0.0000
9.93 0.0000
9.94 0.0000
9.95 0.0000
9.96 0.0000
9.97 0.0000
9.98 0.0000
9.99 0.0000
10.00 0.0000
10.01 0.0000
10.02 0.0000
10.03 0.0000
10.04 0.0000
10.05 0.0000
10.06 0.0000
10.07 0.0000
10.08 0.0000
10.09 0.0000
10.10 0.0000
10.11 0.0000
10.12 0.0000
10.13 0.0000
10.14 0.0000
10.15 0.0000
10.16 0.0000
10.17 0.0000
10.18 0.0000
10.19 0.0000
10.20 0.0000
10.21 0.0000
10.22 0.0000
10.23 0.0000
10.24 0.0000
10.25 0.0000
10.26 0.0000
10.27 0.0000
10.28 0.0000
10.29 0.0000
10.30 0.0000
10.31 0.0000
10.32 0.0000
10.33 0.0000
10.34 0.0000
10.35 0.0000
10.36 0.0000
10.37 0.0000
10.38 0.0000
10.39 0.0000
10.40 0.0000
10.41 0.0000
10.42 0.0000
10.43 0.0000
10.44 0.0000
10.45 0.0000
10.46 0.0000
10.47 0.0000
10.48 0.0000
10.49 0.0000
10.50 0.0000
10.51 0.0000
10.52 0.0000
10.53 0.0000
10.54 0.0000
10.55 0.0000
10.56 0.0000
10.57 0.0000
10.58 0.0000
10.59 0.0000
10.60 0.0000
10.61 0.0000
10.62 0.0000
10.63 0.0000
10.64 0.0000
10.65 0.0000
10.66 0.0000
10.67 0.0000
10.68 0.0000
10.69 0.0000
10.70 0.0000
10.71 0.0000
10.72 0.0000
10.73 0.0000
10.74 0.0000
10.75 222.3956
10.76 223.2000
10.77 225.6305
10.78 226.4465
10.79 228.0874
10.80 228.9123
10.81 229.7402
10.82 230.5711
10.83 230.5711
10.84 231.4050
10.85 231.4050
10.86 231.4050
10.87 231.4050
10.88 232.2419
10.89 233.0819
10.90 233.0819
10.91 233.0819
10.92 232.2419
10.93 232.2419
10.94 232.2419
10.95 232.2419
10.96 232.2419
10.97 232.2419
10.98 232.2419
10.99 232.2419
11.00 232.2419
11.01 232.2419
11.02 232.2419
11.03 232.2419
11.04 232.2419
11.05 232.2419
11.06 232.2419
11.07 233.0819
11.08 233.0819
11.09 234.7709
11.10 234.7709
11.11 235.6200
11.12 236.4721
11.13 236.4721
11.14 236.4721
11.15 235.6200
11.16 235.6200
11.17 234.7709
11.18 233.9249
11.19 232.2419
11.20 230.5711
11.21 229.7402
11.22 229.7402
11.23 229.7402
11.24 230.5711
11.25 232.2419
11.26 233.0819
11.27 239.0471
11.28 240.7794
11.29 242.5242
11.30 242.5242
11.31 242.5242
11.32 241.6502
11.33 239.0471
11.34 236.4721
11.35 236.4721
11.36 236.4721
11.37 239.0471
11.38 240.7794
11.39 243.4013
11.40 248.7311
11.41 254.1776
11.42 259.7434
11.43 265.4310
11.44 266.3910
11.45 266.3910
11.46 266.3910
11.47 266.3910
11.48 266.3910
11.49 265.4310
11.50 264.4745
11.51 264.4745
11.52 264.4745
11.53 265.4310
11.54 266.3910
11.55 266.3910
11.56 266.3910
11.57 266.3910
11.58 266.3910
11.59 260.6828
11.60 0.0000
11.61 0.0000
11.62 0.0000
11.63 0.0000
11.64 0.0000
11.65 0.0000
11.66 0.0000
11.67 0.0000
11.68 0.0000
11.69 0.0000
11.70 0.0000
11.71 0.0000
11.72 249.6307
11.73 259.7434
11.74 265.4310
11.75 278.1851
11.76 278.1851
11.77 283.2521
11.78 284.2766
11.79 284.2766
11.80 284.2766
11.81 283.2521
11.82 278.1851
11.83 278.1851
11.84 278.1851
11.85 283.2521
11.86 287.3721
11.87 292.6065
11.88 299.0138
11.89 311.1270
11.90 317.9398
11.91 319.0897
11.92 319.0897
11.93 319.0897
11.94 317.9398
11.95 317.9398
11.96 316.7940
11.97 314.5149
11.98 314.5149
11.99 314.5149
12.00 315.6524
12.01 316.7940
12.02 317.9398
12.03 319.0897
12.04 319.0897
12.05 319.0897
12.06 317.9398
12.07 315.6524
12.08 310.0058
12.09 0.0000
12.10 0.0000
12.11 0.0000
12.12 0.0000
12.13 0.0000
12.14 0.0000
12.15 0.0000
12.16 0.0000
12.17 0.0000
12.18 0.0000
12.19 0.0000
12.20 0.0000
12.21 0.0000
12.22 278.1851
12.23 278.1851
12.24 310.0058
12.25 310.0058
12.26 310.0058
12.27 310.0058
12.28 310.0058
12.29 311.1270
12.30 313.3815
12.31 317.9398
12.32 319.0897
12.33 327.2561
12.34 332.0162
12.35 336.8455
12.36 341.7450
12.37 349.2282
12.38 355.5893
12.39 355.5893
12.40 355.5893
12.41 355.5893
12.42 355.5893
12.43 354.3079
12.44 354.3079
12.45 354.3079
12.46 354.3079
12.47 353.0311
12.48 351.7589
12.49 350.4913
12.50 349.2282
12.51 340.5135
12.52 332.0162
12.53 327.2561
12.54 323.7309
12.55 322.5643
12.56 322.5643
12.57 322.5643
12.58 322.5643
12.59 322.5643
12.60 322.5643
12.61 322.5643
12.62 322.5643
12.63 0.0000
12.64 0.0000
12.65 0.0000
12.66 0.0000
12.67 0.0000
12.68 0.0000
12.69 0.0000
12.70 0.0000
12.71 0.0000
12.72 0.0000
12.73 0.0000
12.74 0.0000
12.75 317.9398
12.76 317.9398
12.77 317.9398
12.78 317.9398
12.79 316.7940
12.80 312.2522
12.81 311.1270
12.82 310.0058
12.83 310.0058
12.84 310.0058
12.85 310.0058
12.86 310.0058
12.87 0.0000
12.88 0.0000
12.89 0.0000
12.90 0.0000
12.91 0.0000
12.92 0.0000
12.93 0.0000
12.94 0.0000
12.95 0.0000
12.96 0.0000
12.97 0.0000
12.98 0.0000
12.99 0.0000
13.00 269.2918
13.01 269.2918
13.02 269.2918
13.03 269.2918
13.04 269.2918
13.05 269.2918
13.06 270.2657
13.07 271.2432
13.08 273.2087
13.09 276.1838
13.10 278.1851
13.11 284.2766
13.12 288.4115
13.13 292.6065
13.14 294.7269
13.15 295.7928
13.16 295.7928
13.17 295.7928
13.18 295.7928
13.19 294.7269
13.20 294.7269
13.21 294.7269
13.22 294.7269
13.23 294.7269
13.24 294.7269
13.25 294.7269
13.26 294.7269
13.27 294.7269
13.28 295.7928
13.29 295.7928
13.30 296.8626
13.31 296.8626
13.32 297.9362
13.33 297.9362
13.34 297.9362
13.35 297.9362
13.36 297.9362
13.37 296.8626
13.38 295.7928
13.39 294.7269
13.40 293.6648
13.41 293.6648
13.42 293.6648
13.43 293.6648
13.44 293.6648
13.45 303.3630
13.46 310.0058
13.47 311.1270
13.48 316.7940
13.49 316.7940
13.50 316.7940
13.51 314.5149
13.52 310.0058
13.53 303.3630
13.54 303.3630
13.55 299.0138
13.56 299.0138
13.57 299.0138
13.58 299.0138
13.59 299.0138
13.60 299.0138
13.61 297.9362
13.62 291.5521
13.63 290.5014
13.64 278.1851
13.65 278.1851
13.66 277.1826
13.67 270.2657
13.68 269.2918
13.69 269.2918
13.70 269.2918
13.71 270.2657
13.72 270.2657
13.73 270.2657
13.74 270.2657
13.75 270.2657
13.76 270.2657
13.77 270.2657
13.78 269.2918
13.79 266.3910
13.80 0.0000
13.81 0.0000
13.82 0.0000
13.83 0.0000
13.84 0.0000
13.85 0.0000
13.86 0.0000
13.87 0.0000
13.88 0.0000
13.89 0.0000
13.90 0.0000
13.91 0.0000
13.92 0.0000
13.93 0.0000
13.94 0.0000
13.95 0.0000
13.96 0.0000
13.97 0.0000
13.98 0.0000
13.99 0.0000
14.00 0.0000
14.01 0.0000
14.02 0.0000
14.03 0.0000
14.04 0.0000
14.05 0.0000
14.06 0.0000
14.07 0.0000
14.08 0.0000
14.09 0.0000
14.10 0.0000
14.11 0.0000
14.12 0.0000
14.13 0.0000
14.14 0.0000
14.15 0.0000
14.16 0.0000
14.17 0.0000
14.18 0.0000
14.19 0.0000
14.20 240.7794
14.21 240.7794
14.22 240.7794
14.23 240.7794
14.24 240.7794
14.25 240.7794
14.26 241.6502
14.27 242.5242
14.28 249.6307
14.29 254.1776
14.30 259.7434
14.31 260.6828
14.32 265.4310
14.33 266.3910
14.34 266.3910
14.35 266.3910
14.36 266.3910
14.37 266.3910
14.38 266.3910
14.39 265.4310
14.40 260.6828
14.41 260.6828
14.42 260.6828
14.43 265.4310
14.44 265.4310
14.45 271.2432
14.46 272.2242
14.47 272.2242
14.48 273.2087
14.49 273.2087
14.50 273.2087
14.51 272.2242
14.52 271.2432
14.53 270.2657
14.54 262.5718
14.55 0.0000
14.56 0.0000
14.57 0.0000
14.58 0.0000
14.59 0.0000
14.60 0.0000
14.61 0.0000
14.62 0.0000
14.63 0.0000
14.64 0.0000
14.65 0.0000
14.66 0.0000
14.67 0.0000
14.68 0.0000
14.69 0.0000
14.70 0.0000
14.71 0.0000
14.72 0.0000
14.73 0.0000
14.74 0.0000
14.75 0.0000
14.76 0.0000
14.77 0.0000
14.78 0.0000
14.79 0.0000
14.80 0.0000
14.81 0.0000
14.82 0.0000
14.83 0.0000
14.84 0.0000
14.85 0.0000
14.86 0.0000
14.87 0.0000
14.88 0.0000
14.89 0.0000
14.90 0.0000
14.91 0.0000
14.92 0.0000
14.93 0.0000
14.94 0.0000
14.95 0.0000
14.96 0.0000
14.97 0.0000
14.98 0.0000
14.99 0.0000
15.00 0.0000
15.01 0.0000
15.02 0.0000
15.03 0.0000
15.04 0.0000
15.05 0.0000
15.06 0.0000
15.07 0.0000
15.08 0.0000
15.09 0.0000
15.10 0.0000
15.11 0.0000
15.12 0.0000
15.13 0.0000
15.14 0.0000
15.15 0.0000
15.16 0.0000
15.17 0.0000
15.18 0.0000
15.19 0.0000
15.20 0.0000
15.21 0.0000
15.22 0.0000
15.23 0.0000
15.24 0.0000
15.25 0.0000
15.26 0.0000
15.27 0.0000
15.28 0.0000
15.29 0.0000
15.30 0.0000
15.31 0.0000
15.32 0.0000
15.33 0.0000
15.34 0.0000
15.35 0.0000
15.36 0.0000
15.37 0.0000
15.38 0.0000
15.39 0.0000
15.40 0.0000
15.41 0.0000
15.42 0.0000
15.43 0.0000
15.44 0.0000
15.45 0.0000
15.46 0.0000
15.47 0.0000
15.48 0.0000
15.49 0.0000
15.50 0.0000
15.51 0.0000
15.52 0.0000
15.53 0.0000
15.54 0.0000
15.55 0.0000
15.56 0.0000
15.57 0.0000
15.58 0.0000
15.59 0.0000
15.60 0.0000
15.61 0.0000
15.62 0.0000
15.63 0.0000
15.64 0.0000
15.65 169.0319
15.66 169.0319
15.67 169.0319
15.68 171.4905
15.69 171.4905
15.70 184.3305
15.71 185.6663
15.72 193.1877
15.73 193.8864
15.74 194.5877
15.75 194.5877
15.76 194.5877
15.77 194.5877
15.78 194.5877
15.79 200.2895
15.80 200.2895
15.81 200.2895
15.82 200.2895
15.83 0.0000
15.84 0.0000
15.85 0.0000
15.86 0.0000
15.87 0.0000
15.88 235.6200
15.89 236.4721
15.90 238.1857
15.91 239.0471
15.92 239.9117
15.93 239.9117
15.94 239.9117
15.95 0.0000
15.96 0.0000
15.97 0.0000
15.98 0.0000
15.99 0.0000
16.00 0.0000
16.01 0.0000
16.02 0.0000
16.03 0.0000
16.04 0.0000
16.05 0.0000
16.06 0.0000
16.07 0.0000
16.08 0.0000
16.09 0.0000
16.10 0.0000
16.11 0.0000
16.12 232.2419
16.13 232.2419
16.14 232.2419
16.15 232.2419
16.16 231.4050
16.17 230.5711
16.18 230.5711
16.19 230.5711
16.20 231.4050
16.21 233.0819
16.22 233.9249
16.23 237.3274
16.24 239.9117
16.25 246.0518
16.26 248.7311
16.27 248.7311
16.28 248.7311
16.29 247.8348
16.30 246.0518
16.31 242.5242
16.32 239.9117
16.33 233.9249
16.34 233.0819
16.35 233.0819
16.36 233.0819
16.37 235.6200
16.38 239.0471
16.39 241.6502
16.40 246.0518
16.41 246.0518
16.42 246.0518
16.43 0.0000
16.44 0.0000
16.45 0.0000
16.46 0.0000
16.47 0.0000
16.48 0.0000
16.49 0.0000
16.50 0.0000
16.51 0.0000
16.52 0.0000
16.53 0.0000
16.54 0.0000
16.55 0.0000
16.56 0.0000
16.57 0.0000
16.58 0.0000
16.59 0.0000
16.60 0.0000
16.61 0.0000
16.62 0.0000
16.63 0.0000
16.64 0.0000
16.65 0.0000
16.66 0.0000
16.67 0.0000
16.68 0.0000
16.69 0.0000
16.70 0.0000
16.71 0.0000
16.72 0.0000
16.73 0.0000
16.74 0.0000
16.75 0.0000
16.76 0.0000
16.77 0.0000
16.78 0.0000
16.79 0.0000
16.80 0.0000
16.81 0.0000
16.82 0.0000
16.83 0.0000
16.84 0.0000
16.85 0.0000
16.86 0.0000
16.87 0.0000
16.88 0.0000
16.89 0.0000
16.90 0.0000
16.91 0.0000
16.92 0.0000
16.93 0.0000
16.94 0.0000
16.95 0.0000
16.96 0.0000
16.97 0.0000
16.98 0.0000
16.99 0.0000
17.00 0.0000
17.01 0.0000
17.02 0.0000
17.03 0.0000
17.04 0.0000
17.05 175.2456
17.06 175.2456
17.07 175.2456
17.08 175.2456
17.09 175.8794
17.10 176.5155
17.11 177.7946
17.12 182.3449
17.13 184.9972
17.14 191.7979
17.15 193.8864
17.16 197.4180
17.17 198.8486
17.18 199.5677
17.19 199.5677
17.20 199.5677
17.21 0.0000
17.22 0.0000
17.23 0.0000
17.24 0.0000
17.25 0.0000
17.26 0.0000
17.27 0.0000
17.28 0.0000
17.29 0.0000
17.30 0.0000
17.31 0.0000
17.32 0.0000
17.33 0.0000
17.34 0.0000
17.35 0.0000
17.36 0.0000
17.37 0.0000
17.38 0.0000
17.39 0.0000
17.40 0.0000
17.41 0.0000
17.42 0.0000
17.43 0.0000
17.44 0.0000
17.45 0.0000
17.46 0.0000
17.47 240.7794
17.48 240.7794
17.49 240.7794
17.50 240.7794
17.51 240.7794
17.52 239.9117
17.53 239.0471
17.54 235.6200
17.55 233.0819
17.56 233.0819
17.57 233.0819
17.58 233.0819
17.59 233.0819
17.60 0.0000
17.61 0.0000
17.62 0.0000
17.63 0.0000
17.64 0.0000
17.65 0.0000
17.66 0.0000
17.67 0.0000
17.68 0.0000
17.69 0.0000
17.70 0.0000
17.71 0.0000
17.72 0.0000
17.73 0.0000
17.74 0.0000
17.75 0.0000
17.76 0.0000
17.77 0.0000
17.78 0.0000
17.79 0.0000
17.80 0.0000
17.81 0.0000
17.82 0.0000
17.83 0.0000
17.84 0.0000
17.85 0.0000
17.86 0.0000
17.87 0.0000
17.88 0.0000
17.89 0.0000
17.90 0.0000
17.91 0.0000
17.92 0.0000
17.93 0.0000
17.94 0.0000
17.95 0.0000
17.96 0.0000
17.97 0.0000
17.98 0.0000
17.99 0.0000
18.00 0.0000
18.01 0.0000
18.02 0.0000
18.03 0.0000
18.04 0.0000
18.05 0.0000
18.06 0.0000
18.07 0.0000
18.08 0.0000
18.09 0.0000
18.10 0.0000
18.11 0.0000
18.12 0.0000
18.13 0.0000
18.14 0.0000
18.15 0.0000
18.16 0.0000
18.17 0.0000
18.18 0.0000
18.19 0.0000
18.20 0.0000
18.21 0.0000
18.22 0.0000
18.23 0.0000
18.24 0.0000
18.25 0.0000
18.26 0.0000
18.27 0.0000
18.28 0.0000
18.29 0.0000
18.30 0.0000
18.31 0.0000
18.32 0.0000
18.33 0.0000
18.34 0.0000
18.35 0.0000
18.36 0.0000
18.37 0.0000
18.38 0.0000
18.39 0.0000
18.40 0.0000
18.41 0.0000
18.42 0.0000
18.43 0.0000
18.44 0.0000
18.45 0.0000
18.46 0.0000
18.47 0.0000
18.48 0.0000
18.49 0.0000
18.50 199.5677
18.51 199.5677
18.52 199.5677
18.53 200.2895
18.54 201.0139
18.55 201.7409
18.56 203.2028
18.57 205.4155
18.58 206.1584
18.59 206.9040
18.60 206.9040
18.61 206.9040
18.62 206.9040
18.63 206.9040
18.64 207.6523
18.65 208.4034
18.66 218.4173
18.67 221.5942
18.68 222.3956
18.69 231.4050
18.70 236.4721
18.71 236.4721
18.72 236.4721
18.73 237.3274
18.74 238.1857
18.75 239.0471
18.76 242.5242
18.77 248.7311
18.78 250.5335
18.79 259.7434
18.80 272.2242
18.81 274.1968
18.82 275.1885
18.83 275.1885
18.84 275.1885
18.85 273.2087
18.86 272.2242
18.87 272.2242
18.88 271.2432
18.89 271.2432
18.90 271.2432
18.91 269.2918
18.92 269.2918
18.93 268.3214
18.94 267.3544
18.95 266.3910
18.96 266.3910
18.97 266.3910
18.98 266.3910
18.99 266.3910
19.00 266.3910
19.01 266.3910
19.02 266.3910
19.03 266.3910
19.04 266.3910
19.05 266.3910
19.06 266.3910
19.07 266.3910
19.08 266.3910
19.09 266.3910
19.10 266.3910
19.11 266.3910
19.12 266.3910
19.13 266.3910
19.14 266.3910
19.15 265.4310
19.16 265.4310
19.17 265.4310
19.18 265.4310
19.19 265.4310
19.20 265.4310
19.21 266.3910
19.22 266.3910
19.23 269.2918
19.24 271.2432
19.25 272.2242
19.26 272.2242
19.27 272.2242
19.28 271.2432
19.29 271.2432
19.30 270.2657
19.31 266.3910
19.32 261.6256
19.33 259.7434
19.34 0.0000
19.35 0.0000
19.36 0.0000
19.37 0.0000
19.38 0.0000
19.39 0.0000
19.40 0.0000
19.41 0.0000
19.42 0.0000
19.43 0.0000
19.44 0.0000
19.45 0.0000
19.46 0.0000
19.47 0.0000
19.48 0.0000
19.49 0.0000
19.50 0.0000
19.51 0.0000
19.52 0.0000
19.53 0.0000
19.54 0.0000
19.55 0.0000
19.56 0.0000
19.57 0.0000
19.58 0.0000
19.59 0.0000
19.60 0.0000
19.61 0.0000
19.62 0.0000
19.63 0.0000
19.64 0.0000
19.65 0.0000
19.66 0.0000
19.67 0.0000
19.68 0.0000
19.69 0.0000
19.70 0.0000
19.71 0.0000
19.72 0.0000
19.73 0.0000
19.74 0.0000
19.75 0.0000
19.76 0.0000
19.77 0.0000
19.78 0.0000
19.79 0.0000
19.80 0.0000
19.81 0.0000
19.82 0.0000
19.83 0.0000
19.84 0.0000
19.85 0.0000
19.86 0.0000
19.87 0.0000
19.88 0.0000
19.89 0.0000
19.90 0.0000
19.91 180.3807
19.92 181.6878
19.93 182.3449
19.94 182.3449
19.95 183.6663
19.96 184.9972
19.97 186.3378
19.98 192.4916
19.99 195.2914
20.00 200.2895
20.01 201.0139
20.02 202.4705
20.03 202.4705
20.04 202.4705
20.05 201.7409
20.06 201.7409
20.07 201.0139
20.08 201.0139
20.09 201.0139
20.10 0.0000
20.11 0.0000
20.12 0.0000
20.13 0.0000
20.14 0.0000
20.15 0.0000
20.16 0.0000
20.17 0.0000
20.18 0.0000
20.19 0.0000
20.20 0.0000
20.21 0.0000
20.22 0.0000
20.23 0.0000
20.24 0.0000
20.25 0.0000
20.26 0.0000
20.27 0.0000
20.28 0.0000
20.29 0.0000
20.30 0.0000
20.31 0.0000
20.32 0.0000
20.33 0.0000
20.34 0.0000
20.35 0.0000
20.36 0.0000
20.37 0.0000
20.38 266.3910
20.39 271.2432
20.40 271.2432
20.41 271.2432
20.42 271.2432
20.43 270.2657
20.44 266.3910
20.45 266.3910
20.46 262.5718
20.47 261.6256
20.48 260.6828
20.49 260.6828
20.50 260.6828
20.51 260.6828
20.52 261.6256
20.53 263.5214
20.54 266.3910
20.55 270.2657
20.56 273.2087
20.57 274.1968
20.58 275.1885
20.59 275.1885
20.60 275.1885
20.61 274.1968
20.62 273.2087
20.63 272.2242
20.64 270.2657
20.65 266.3910
20.66 261.6256
20.67 259.7434
20.68 259.7434
20.69 259.7434
20.70 260.6828
20.71 261.6256
20.72 265.4310
20.73 266.3910
20.74 272.2242
20.75 273.2087
20.76 273.2087
20.77 273.2087
20.78 273.2087
20.79 271.2432
20.80 270.2657
20.81 266.3910
20.82 261.6256
20.83 259.7434
20.84 259.7434
20.85 259.7434
20.86 260.6828
20.87 263.5214
20.88 266.3910
20.89 270.2657
20.90 273.2087
20.91 274.1968
20.92 274.1968
20.93 274.1968
20.94 273.2087
20.95 0.0000
20.96 0.0000
20.97 0.0000
20.98 0.0000
20.99 0.0000
21.00 0.0000
21.01 0.0000
21.02 0.0000
21.03 0.0000
21.04 0.0000
21.05 0.0000
21.06 0.0000
21.07 0.0000
21.08 0.0000
21.09 0.0000
21.10 0.0000
21.11 0.0000
21.12 0.0000
21.13 0.0000
21.14 0.0000
21.15 0.0000
21.16 0.0000
21.17 0.0000
21.18 0.0000
21.19 0.0000
21.20 0.0000
21.21 0.0000
21.22 0.0000
21.23 0.0000
21.24 0.0000
21.25 0.0000
21.26 0.0000
21.27 0.0000
21.28 0.0000
21.29 0.0000
21.30 0.0000
21.31 0.0000
21.32 0.0000
21.33 0.0000
21.34 0.0000
21.35 0.0000
21.36 0.0000
21.37 0.0000
21.38 0.0000
21.39 0.0000
21.40 0.0000
21.41 0.0000
21.42 0.0000
21.43 0.0000
21.44 0.0000
21.45 0.0000
21.46 0.0000
21.47 0.0000
21.48 0.0000
21.49 0.0000
21.50 427.4741
21.51 427.4741
21.52 427.4741
21.53 415.3047
21.54 415.3047
21.55 415.3047
21.56 396.2640
21.57 332.0162
21.58 287.3721
21.59 284.2766
21.60 284.2766
21.61 287.3721
21.62 287.3721
21.63 291.5521
21.64 293.6648
21.65 303.3630
21.66 304.4602
21.67 310.0058
21.68 313.3815
21.69 315.6524
21.70 315.6524
21.71 315.6524
21.72 314.5149
21.73 313.3815
21.74 312.2522
21.75 311.1270
21.76 311.1270
21.77 311.1270
21.78 310.0058
21.79 310.0058
21.80 310.0058
21.81 310.0058
21.82 308.8886
21.83 307.7755
21.84 306.6664
21.85 305.5613
21.86 304.4602
21.87 303.3630
21.88 303.3630
21.89 303.3630
21.90 303.3630
21.91 303.3630
21.92 303.3630
21.93 303.3630
21.94 303.3630
21.95 303.3630
21.96 303.3630
21.97 303.3630
21.98 302.2698
21.99 302.2698
22.00 299.0138
22.01 291.5521
22.02 290.5014
22.03 289.4546
22.04 267.3544
22.05 267.3544
22.06 267.3544
22.07 270.2657
22.08 270.2657
22.09 270.2657
22.10 0.0000
22.11 0.0000
22.12 0.0000
22.13 0.0000
22.14 0.0000
22.15 0.0000
22.16 0.0000
22.17 0.0000
22.18 0.0000
22.19 0.0000
22.20 0.0000
22.21 0.0000
22.22 0.0000
22.23 0.0000
22.24 0.0000
22.25 0.0000
22.26 0.0000
22.27 0.0000
22.28 0.0000
22.29 0.0000
22.30 0.0000
22.31 0.0000
22.32 227.2655
22.33 227.2655
22.34 227.2655
22.35 225.6305
22.36 225.6305
22.37 225.6305
22.38 225.6305
22.39 225.6305
22.40 231.4050
22.41 233.0819
22.42 239.0471
22.43 240.7794
22.44 240.7794
22.45 240.7794
22.46 239.9117
22.47 239.0471
22.48 234.7709
22.49 232.2419
22.50 232.2419
22.51 232.2419
22.52 233.0819
22.53 233.9249
22.54 242.5242
22.55 246.0518
22.56 246.0518
22.57 246.0518
22.58 243.4013
22.59 0.0000
22.60 0.0000
22.61 0.0000
22.62 0.0000
22.63 0.0000
22.64 0.0000
22.65 0.0000
22.66 0.0000
22.67 0.0000
22.68 0.0000
22.69 0.0000
22.70 0.0000
22.71 0.0000
22.72 0.0000
22.73 0.0000
22.74 0.0000
22.75 0.0000
22.76 0.0000
22.77 193.1877
22.78 193.1877
22.79 193.1877
22.80 193.1877
22.81 193.8864
22.82 193.8864
22.83 193.8864
22.84 0.0000
22.85 0.0000
22.86 0.0000
22.87 0.0000
22.88 0.0000
22.89 0.0000
22.90 0.0000
22.91 0.0000
22.92 0.0000
22.93 0.0000
22.94 0.0000
22.95 0.0000
22.96 0.0000
22.97 0.0000
22.98 0.0000
22.99 0.0000
23.00 0.0000
23.01 0.0000
23.02 0.0000
23.03 0.0000
23.04 0.0000
23.05 0.0000
23.06 0.0000
23.07 0.0000
23.08 0.0000
23.09 0.0000
23.10 0.0000
23.11 0.0000
23.12 0.0000
23.13 0.0000
23.14 0.0000
23.15 0.0000
23.16 0.0000
23.17 0.0000
23.18 0.0000
23.19 0.0000
23.20 0.0000
23.21 0.0000
23.22 0.0000
23.23 0.0000
23.24 0.0000
23.25 233.0819
23.26 233.0819
23.27 233.0819
23.28 233.0819
23.29 232.2419
23.30 230.5711
23.31 230.5711
23.32 230.5711
23.33 230.5711
23.34 231.4050
23.35 232.2419
23.36 233.9249
23.37 238.1857
23.38 240.7794
23.39 242.5242
23.40 242.5242
23.41 242.5242
23.42 241.6502
23.43 239.9117
23.44 235.6200
23.45 233.0819
23.46 233.0819
23.47 233.0819
23.48 233.0819
23.49 235.6200
23.50 239.0471
23.51 241.6502
23.52 246.0518
23.53 248.7311
23.54 248.7311
23.55 248.7311
23.56 0.0000
23.57 0.0000
23.58 0.0000
23.59 0.0000
23.60 0.0000
23.61 0.0000
23.62 0.0000
23.63 0.0000
23.64 0.0000
23.65 0.0000
23.66 0.0000
23.67 0.0000
23.68 0.0000
23.69 0.0000
23.70 0.0000
23.71 0.0000
23.72 0.0000
23.73 0.0000
23.74 0.0000
23.75 0.0000
23.76 0.0000
23.77 0.0000
23.78 0.0000
23.79 0.0000
23.80 0.0000
23.81 0.0000
23.82 0.0000
23.83 0.0000
23.84 0.0000
23.85 0.0000
23.86 0.0000
23.87 0.0000
23.88 0.0000
23.89 0.0000
23.90 0.0000
23.91 0.0000
23.92 0.0000
23.93 0.0000
23.94 0.0000
23.95 0.0000
23.96 0.0000
23.97 0.0000
23.98 0.0000
23.99 155.0029
24.00 155.0029
24.01 155.0029
24.02 155.0029
24.03 155.0029
24.04 155.0029
24.05 155.0029
24.06 155.0029
24.07 155.0029
24.08 155.0029
24.09 155.0029
24.10 0.0000
24.11 0.0000
24.12 0.0000
24.13 0.0000
24.14 166.6085
24.15 169.0319
24.16 171.4905
24.17 175.2456
24.18 175.8794
24.19 176.5155
24.20 177.7946
24.21 179.7307
24.22 183.6663
24.23 184.9972
24.24 185.6663
24.25 185.6663
24.26 185.6663
24.27 0.0000
24.28 0.0000
24.29 0.0000
24.30 0.0000
24.31 0.0000
24.32 0.0000
24.33 0.0000
24.34 0.0000
24.35 0.0000
24.36 0.0000
24.37 0.0000
24.38 0.0000
24.39 0.0000
24.40 0.0000
24.41 0.0000
24.42 0.0000
24.43 0.0000
24.44 0.0000
24.45 0.0000
24.46 230.5711
24.47 230.5711
24.48 230.5711
24.49 0.0000
24.50 0.0000
24.51 0.0000
24.52 0.0000
24.53 0.0000
24.54 0.0000
24.55 0.0000
24.56 0.0000
24.57 0.0000
24.58 0.0000
24.59 0.0000
24.60 0.0000
24.61 0.0000
24.62 0.0000
24.63 0.0000
24.64 0.0000
24.65 0.0000
24.66 234.7709
24.67 234.7709
24.68 234.7709
24.69 234.7709
24.70 235.6200
24.71 236.4721
24.72 239.0471
24.73 240.7794
24.74 242.5242
24.75 248.7311
24.76 248.7311
24.77 254.1776
24.78 256.9454
24.79 259.7434
24.80 263.5214
24.81 264.4745
24.82 265.4310
24.83 265.4310
24.84 265.4310
24.85 265.4310
24.86 265.4310
24.87 265.4310
24.88 265.4310
24.89 265.4310
24.90 265.4310
24.91 265.4310
24.92 265.4310
24.93 266.3910
24.94 266.3910
24.95 267.3544
24.96 269.2918
24.97 270.2657
24.98 270.2657
24.99 270.2657
25.00 0.0000
25.01 0.0000
25.02 0.0000
25.03 0.0000
25.04 0.0000
25.05 0.0000
25.06 0.0000
25.07 0.0000
25.08 0.0000
25.09 0.0000
25.10 0.0000
25.11 0.0000
25.12 0.0000
25.13 0.0000
25.14 233.9249
25.15 234.7709
25.16 235.6200
25.17 235.6200
25.18 235.6200
25.19 234.7709
25.20 234.7709
25.21 233.0819
25.22 232.2419
25.23 232.2419
25.24 232.2419
25.25 232.2419
25.26 233.9249
25.27 236.4721
25.28 239.0471
25.29 240.7794
25.30 243.4013
25.31 245.1651
25.32 245.1651
25.33 245.1651
25.34 243.4013
25.35 241.6502
25.36 239.9117
25.37 233.9249
25.38 233.9249
25.39 233.9249
25.40 233.0819
25.41 233.9249
25.42 236.4721
25.43 242.5242
25.44 247.8348
25.45 247.8348
25.46 247.8348
25.47 247.8348
25.48 0.0000
25.49 0.0000
25.50 0.0000
25.51 0.0000
25.52 0.0000
25.53 0.0000
25.54 0.0000
25.55 0.0000
25.56 0.0000
25.57 0.0000
25.58 0.0000
25.59 0.0000
25.60 0.0000
25.61 0.0000
25.62 0.0000
25.63 0.0000
25.64 0.0000
25.65 0.0000
25.66 0.0000
25.67 0.0000
25.68 0.0000
25.69 0.0000
25.70 0.0000
25.71 0.0000
25.72 0.0000
25.73 0.0000
25.74 0.0000
25.75 0.0000
25.76 0.0000
25.77 0.0000
25.78 0.0000
25.79 0.0000
25.80 0.0000
25.81 0.0000
25.82 0.0000
25.83 0.0000
25.84 0.0000
25.85 0.0000
25.86 0.0000
25.87 0.0000
25.88 0.0000
25.89 0.0000
25.90 0.0000
25.91 0.0000
25.92 0.0000
25.93 0.0000
25.94 0.0000
25.95 0.0000
25.96 0.0000
25.97 0.0000
25.98 0.0000
25.99 0.0000
26.00 0.0000
26.01 0.0000
26.02 0.0000
26.03 0.0000
