0.00 0.0000
0.01 0.0000
0.02 0.0000
0.03 0.0000
0.04 0.0000
0.05 0.0000
0.06 0.0000
0.07 231.4050
0.08 231.4050
0.09 231.4050
0.10 231.4050
0.11 230.5711
0.12 230.5711
0.13 230.5711
0.14 231.4050
0.15 232.2419
0.16 233.9249
0.17 241.6502
0.18 249.6307
0.19 250.5335
0.20 259.7434
0.21 266.3910
0.22 269.2918
0.23 270.2657
0.24 270.2657
0.25 271.2432
0.26 271.2432
0.27 272.2242
0.28 272.2242
0.29 272.2242
0.30 273.2087
0.31 274.1968
0.32 274.1968
0.33 274.1968
0.34 275.1885
0.35 275.1885
0.36 275.1885
0.37 275.1885
0.38 275.1885
0.39 274.1968
0.40 274.1968
0.41 274.1968
0.42 274.1968
0.43 274.1968
0.44 273.2087
0.45 273.2087
0.46 272.2242
0.47 272.2242
0.48 272.2242
0.49 273.2087
0.50 273.2087
0.51 273.2087
0.52 273.2087
0.53 273.2087
0.54 273.2087
0.55 273.2087
0.56 273.2087
0.57 273.2087
0.58 273.2087
0.59 273.2087
0.60 272.2242
0.61 0.0000
0.62 0.0000
0.63 0.0000
0.64 0.0000
0.65 0.0000
0.66 0.0000
0.67 0.0000
0.68 0.0000
0.69 0.0000
0.70 279.1912
0.71 279.1912
0.72 279.1912
0.73 278.1851
0.74 278.1851
0.75 277.1826
0.76 277.1826
0.77 277.1826
0.78 0.0000
0.79 0.0000
0.80 0.0000
0.81 0.0000
0.82 0.0000
0.83 0.0000
0.84 0.0000
0.85 0.0000
0.86 0.0000
0.87 0.0000
0.88 0.0000
0.89 0.0000
0.90 0.0000
0.91 0.0000
0.92 0.0000
0.93 0.0000
0.94 0.0000
0.95 0.0000
0.96 0.0000
0.97 0.0000
0.98 0.0000
0.99 0.0000
1.00 0.0000
1.01 0.0000
1.02 0.0000
1.03 0.0000
1.04 288.4115
1.05 288.4115
1.06 288.4115
1.07 288.4115
1.08 287.3721
1.09 284.2766
1.10 277.1826
1.11 274.1968
1.12 274.1968
1.13 274.1968
1.14 275.1885
1.15 276.1838
1.16 278.1851
1.17 283.2521
1.18 283.2521
1.19 283.2521
1.20 282.2314
1.21 277.1826
1.22 274.1968
1.23 274.1968
1.24 274.1968
1.25 275.1885
1.26 276.1838
1.27 283.2521
1.28 287.3721
1.29 287.3721
1.30 287.3721
1.31 287.3721
1.32 284.2766
1.33 283.2521
1.34 277.1826
1.35 273.2087
1.36 272.2242
1.37 272.2242
1.38 272.2242
1.39 272.2242
1.40 273.2087
1.41 275.1885
1.42 277.1826
1.43 277.1826
1.44 277.1826
1.45 276.1838
1.46 276.1838
1.47 276.1838
1.48 276.1838
1.49 276.1838
1.50 277.1826
1.51 277.1826
1.52 277.1826
1.53 0.0000
1.54 0.0000
1.55 0.0000
1.56 0.0000
1.57 0.0000
1.58 0.0000
1.59 0.0000
1.60 0.0000
1.61 0.0000
1.62 0.0000
1.63 0.0000
1.64 0.0000
1.65 0.0000
1.66 0.0000
1.67 0.0000
1.68 0.0000
1.69 0.0000
1.70 0.0000
1.71 0.0000
1.72 0.0000
1.73 0.0000
1.74 0.0000
1.75 0.0000
1.76 0.0000
1.77 0.0000
1.78 0.0000
1.79 0.0000
1.80 0.0000
1.81 0.0000
1.82 0.0000
1.83 0.0000
1.84 0.0000
1.85 0.0000
1.86 0.0000
1.87 0.0000
1.88 0.0000
1.89 0.0000
1.90 0.0000
1.91 0.0000
1.92 0.0000
1.93 0.0000
1.94 0.0000
1.95 0.0000
1.96 0.0000
1.97 0.0000
1.98 0.0000
1.99 0.0000
2.00 0.0000
2.01 0.0000
2.02 0.0000
2.03 0.0000
2.04 0.0000
2.05 203.2028
2.06 203.2028
2.07 203.2028
2.08 203.2028
2.09 201.7409
2.10 201.0139
2.11 200.2895
2.12 200.2895
2.13 200.2895
2.14 201.0139
2.15 201.7409
2.16 206.9040
2.17 208.4034
2.18 211.4347
2.19 211.4347
2.20 211.4347
2.21 208.4034
2.22 206.1584
2.23 201.0139
2.24 201.0139
2.25 201.0139
2.26 206.9040
2.27 209.1571
2.28 212.1993
2.29 212.1993
2.30 212.1993
2.31 212.1993
2.32 211.4347
2.33 209.1571
2.34 208.4034
2.35 208.4034
2.36 208.4034
2.37 209.1571
2.38 218.4173
2.39 218.4173
2.40 221.5942
2.41 225.6305
2.42 231.4050
2.43 232.2419
2.44 232.2419
2.45 232.2419
2.46 232.2419
2.47 233.0819
2.48 233.0819
2.49 233.9249
2.50 239.9117
2.51 243.4013
2.52 249.6307
2.53 254.1776
2.54 260.6828
2.55 263.5214
2.56 264.4745
2.57 264.4745
2.58 264.4745
2.59 264.4745
2.60 265.4310
2.61 265.4310
2.62 266.3910
2.63 266.3910
2.64 268.3214
2.65 269.2918
2.66 269.2918
2.67 269.2918
2.68 269.2918
2.69 269.2918
2.70 268.3214
2.71 268.3214
2.72 266.3910
2.73 266.3910
2.74 266.3910
2.75 266.3910
2.76 265.4310
2.77 265.4310
2.78 265.4310
2.79 265.4310
2.80 265.4310
2.81 265.4310
2.82 265.4310
2.83 264.4745
2.84 264.4745
2.85 264.4745
2.86 264.4745
2.87 264.4745
2.88 264.4745
2.89 264.4745
2.90 264.4745
2.91 264.4745
2.92 264.4745
2.93 264.4745
2.94 264.4745
2.95 264.4745
2.96 264.4745
2.97 264.4745
2.98 264.4745
2.99 263.5214
3.00 262.5718
3.01 260.6828
3.02 259.7434
3.03 254.1776
3.04 254.1776
3.05 254.1776
3.06 254.1776
3.07 254.1776
3.08 255.0969
3.09 256.0195
3.10 259.7434
3.11 259.7434
3.12 263.5214
3.13 266.3910
3.14 272.2242
3.15 277.1826
3.16 283.2521
3.17 283.2521
3.18 283.2521
3.19 282.2314
3.20 279.1912
3.21 279.1912
3.22 279.1912
3.23 279.1912
3.24 279.1912
3.25 280.2010
3.26 280.2010
3.27 281.2143
3.28 281.2143
3.29 281.2143
3.30 281.2143
3.31 281.2143
3.32 279.1912
3.33 278.1851
3.34 278.1851
3.35 278.1851
3.36 278.1851
3.37 277.1826
3.38 277.1826
3.39 277.1826
3.40 277.1826
3.41 275.1885
3.42 275.1885
3.43 275.1885
3.44 273.2087
3.45 272.2242
3.46 271.2432
3.47 271.2432
3.48 271.2432
3.49 272.2242
3.50 273.2087
3.51 275.1885
3.52 282.2314
3.53 284.2766
3.54 284.2766
3.55 284.2766
3.56 283.2521
3.57 282.2314
3.58 277.1826
3.59 274.1968
3.60 273.2087
3.61 273.2087
3.62 273.2087
3.63 274.1968
3.64 276.1838
3.65 278.1851
3.66 288.4115
3.67 289.4546
3.68 289.4546
3.69 289.4546
3.70 289.4546
3.71 288.4115
3.72 278.1851
3.73 277.1826
3.74 277.1826
3.75 277.1826
3.76 277.1826
3.77 277.1826
3.78 278.1851
3.79 282.2314
3.80 284.2766
3.81 284.2766
3.82 284.2766
3.83 283.2521
3.84 280.2010
3.85 279.1912
3.86 278.1851
3.87 277.1826
3.88 277.1826
3.89 277.1826
3.90 277.1826
3.91 277.1826
3.92 277.1826
3.93 277.1826
3.94 277.1826
3.95 277.1826
3.96 277.1826
3.97 277.1826
3.98 277.1826
3.99 276.1838
4.00 259.7434
4.01 249.6307
4.02 0.0000
4.03 0.0000
4.04 0.0000
4.05 0.0000
4.06 0.0000
4.07 0.0000
4.08 0.0000
4.09 0.0000
4.10 0.0000
4.11 0.0000
4.12 0.0000
4.13 0.0000
4.14 0.0000
4.15 0.0000
4.16 0.0000
4.17 0.0000
4.18 0.0000
4.19 0.0000
4.20 0.0000
4.21 0.0000
4.22 0.0000
4.23 0.0000
4.24 0.0000
4.25 0.0000
4.26 0.0000
4.27 0.0000
4.28 0.0000
4.29 0.0000
4.30 0.0000
4.31 0.0000
4.32 0.0000
4.33 0.0000
4.34 0.0000
4.35 0.0000
4.36 0.0000
4.37 0.0000
4.38 0.0000
4.39 0.0000
4.40 0.0000
4.41 0.0000
4.42 0.0000
4.43 0.0000
4.44 0.0000
4.45 0.0000
4.46 0.0000
4.47 0.0000
4.48 0.0000
4.49 0.0000
4.50 0.0000
4.51 0.0000
4.52 0.0000
4.53 0.0000
4.54 0.0000
4.55 0.0000
4.56 0.0000
4.57 0.0000
4.58 0.0000
4.59 0.0000
4.60 0.0000
4.61 0.0000
4.62 0.0000
4.63 0.0000
4.64 0.0000
4.65 0.0000
4.66 0.0000
4.67 0.0000
4.68 0.0000
4.69 0.0000
4.70 0.0000
4.71 0.0000
4.72 0.0000
4.73 0.0000
4.74 0.0000
4.75 0.0000
4.76 0.0000
4.77 0.0000
4.78 0.0000
4.79 0.0000
4.80 0.0000
4.81 0.0000
4.82 0.0000
4.83 0.0000
4.84 0.0000
4.85 0.0000
4.86 0.0000
4.87 0.0000
4.88 0.0000
4.89 0.0000
4.90 0.0000
4.91 0.0000
4.92 0.0000
4.93 0.0000
4.94 0.0000
4.95 0.0000
4.96 0.0000
4.97 0.0000
4.98 0.0000
4.99 0.0000
5.00 0.0000
5.01 0.0000
5.02 0.0000
5.03 0.0000
5.04 0.0000
5.05 0.0000
5.06 0.0000
5.07 0.0000
5.08 0.0000
5.09 0.0000
5.10 0.0000
5.11 0.0000
5.12 0.0000
5.13 0.0000
5.14 0.0000
5.15 0.0000
5.16 0.0000
5.17 0.0000
5.18 0.0000
5.19 0.0000
5.20 0.0000
5.21 0.0000
5.22 0.0000
5.23 0.0000
5.24 0.0000
5.25 0.0000
5.26 0.0000
5.27 0.0000
5.28 0.0000
5.29 0.0000
5.30 0.0000
5.31 0.0000
5.32 0.0000
5.33 0.0000
5.34 0.0000
5.35 0.0000
5.36 0.0000
5.37 0.0000
5.38 0.0000
5.39 0.0000
5.40 0.0000
5.41 0.0000
5.42 0.0000
5.43 0.0000
5.44 0.0000
5.45 0.0000
5.46 0.0000
5.47 0.0000
5.48 0.0000
5.49 0.0000
5.50 0.0000
5.51 0.0000
5.52 0.0000
5.53 0.0000
5.54 0.0000
5.55 0.0000
5.56 0.0000
5.57 0.0000
5.58 0.0000
5.59 0.0000
5.60 0.0000
5.61 0.0000
5.62 0.0000
5.63 0.0000
5.64 0.0000
5.65 0.0000
5.66 0.0000
5.67 0.0000
5.68 248.7311
5.69 248.7311
5.70 248.7311
5.71 248.7311
5.72 247.8348
5.73 247.8348
5.74 247.8348
5.75 248.7311
5.76 250.5335
5.77 259.7434
5.78 265.4310
5.79 272.2242
5.80 275.1885
5.81 283.2521
5.82 284.2766
5.83 284.2766
5.84 284.2766
5.85 283.2521
5.86 282.2314
5.87 280.2010
5.88 279.1912
5.89 279.1912
5.90 279.1912
5.91 279.1912
5.92 279.1912
5.93 279.1912
5.94 279.1912
5.95 279.1912
5.96 278.1851
5.97 278.1851
5.98 278.1851
5.99 278.1851
6.00 278.1851
6.01 278.1851
6.02 279.1912
6.03 279.1912
6.04 279.1912
6.05 279.1912
6.06 279.1912
6.07 279.1912
6.08 279.1912
6.09 278.1851
6.10 278.1851
6.11 278.1851
6.12 0.0000
6.13 0.0000
6.14 0.0000
6.15 0.0000
6.16 0.0000
6.17 0.0000
6.18 0.0000
6.19 0.0000
6.20 0.0000
6.21 0.0000
6.22 0.0000
6.23 0.0000
6.24 0.0000
6.25 0.0000
6.26 0.0000
6.27 0.0000
6.28 0.0000
6.29 0.0000
6.30 0.0000
6.31 0.0000
6.32 0.0000
6.33 0.0000
6.34 0.0000
6.35 0.0000
6.36 278.1851
6.37 286.3366
6.38 286.3366
6.39 286.3366
6.40 286.3366
6.41 284.2766
6.42 283.2521
6.43 277.1826
6.44 275.1885
6.45 275.1885
6.46 275.1885
6.47 277.1826
6.48 283.2521
6.49 283.2521
6.50 283.2521
6.51 283.2521
6.52 283.2521
6.53 278.1851
6.54 0.0000
6.55 0.0000
6.56 0.0000
6.57 0.0000
6.58 0.0000
6.59 0.0000
6.60 0.0000
6.61 0.0000
6.62 0.0000
6.63 0.0000
6.64 0.0000
6.65 0.0000
6.66 0.0000
6.67 0.0000
6.68 0.0000
6.69 0.0000
6.70 0.0000
6.71 0.0000
6.72 278.1851
6.73 282.2314
6.74 282.2314
6.75 282.2314
6.76 281.2143
6.77 278.1851
6.78 276.1838
6.79 276.1838
6.80 276.1838
6.81 276.1838
6.82 277.1826
6.83 278.1851
6.84 282.2314
6.85 287.3721
6.86 288.4115
6.87 288.4115
6.88 288.4115
6.89 288.4115
6.90 287.3721
6.91 283.2521
6.92 277.1826
6.93 274.1968
6.94 274.1968
6.95 274.1968
6.96 276.1838
6.97 278.1851
6.98 283.2521
6.99 288.4115
7.00 290.5014
7.01 290.5014
7.02 290.5014
7.03 288.4115
7.04 287.3721
7.05 278.1851
7.06 278.1851
7.07 278.1851
7.08 278.1851
7.09 278.1851
7.10 278.1851
7.11 0.0000
7.12 0.0000
7.13 0.0000
7.14 0.0000
7.15 0.0000
7.16 0.0000
7.17 0.0000
7.18 0.0000
7.19 0.0000
7.20 0.0000
7.21 0.0000
7.22 0.0000
7.23 0.0000
7.24 0.0000
7.25 0.0000
7.26 0.0000
7.27 0.0000
7.28 0.0000
7.29 0.0000
7.30 0.0000
7.31 0.0000
7.32 0.0000
7.33 0.0000
7.34 0.0000
7.35 0.0000
7.36 0.0000
7.37 0.0000
7.38 0.0000
7.39 0.0000
7.40 0.0000
7.41 0.0000
7.42 0.0000
7.43 0.0000
7.44 0.0000
7.45 0.0000
7.46 0.0000
7.47 0.0000
7.48 0.0000
7.49 0.0000
7.50 0.0000
7.51 0.0000
7.52 0.0000
7.53 0.0000
7.54 0.0000
7.55 0.0000
7.56 0.0000
7.57 0.0000
7.58 0.0000
7.59 0.0000
7.60 0.0000
7.61 0.0000
7.62 0.0000
7.63 0.0000
7.64 0.0000
7.65 0.0000
7.66 0.0000
7.67 0.0000
7.68 0.0000
7.69 0.0000
7.70 0.0000
7.71 0.0000
7.72 239.9117
7.73 239.9117
7.74 239.9117
7.75 239.9117
7.76 239.9117
7.77 235.6200
7.78 233.9249
7.79 233.9249
7.80 233.9249
7.81 237.3274
7.82 242.5242
7.83 249.6307
7.84 259.7434
7.85 259.7434
7.86 266.3910
7.87 267.3544
7.88 267.3544
7.89 267.3544
7.90 266.3910
7.91 266.3910
7.92 266.3910
7.93 266.3910
7.94 266.3910
7.95 266.3910
7.96 266.3910
7.97 266.3910
7.98 265.4310
7.99 263.5214
8.00 262.5718
8.01 259.7434
8.02 0.0000
8.03 0.0000
8.04 0.0000
8.05 0.0000
8.06 0.0000
8.07 0.0000
8.08 0.0000
8.09 0.0000
8.10 0.0000
8.11 0.0000
8.12 0.0000
8.13 0.0000
8.14 0.0000
8.15 0.0000
8.16 0.0000
8.17 0.0000
8.18 0.0000
8.19 0.0000
8.20 266.3910
8.21 270.2657
8.22 270.2657
8.23 270.2657
8.24 266.3910
8.25 266.3910
8.26 262.5718
8.27 259.7434
8.28 258.8073
8.29 258.8073
8.30 258.8073
8.31 258.8073
8.32 259.7434
8.33 259.7434
8.34 259.7434
8.35 259.7434
8.36 259.7434
8.37 259.7434
8.38 259.7434
8.39 259.7434
8.40 259.7434
8.41 259.7434
8.42 259.7434
8.43 260.6828
8.44 261.6256
8.45 263.5214
8.46 263.5214
8.47 264.4745
8.48 264.4745
8.49 265.4310
8.50 265.4310
8.51 266.3910
8.52 266.3910
8.53 266.3910
8.54 270.2657
8.55 272.2242
8.56 272.2242
8.57 272.2242
8.58 272.2242
8.59 272.2242
8.60 272.2242
8.61 272.2242
8.62 272.2242
8.63 273.2087
8.64 276.1838
8.65 278.1851
8.66 288.4115
8.67 292.6065
8.68 303.3630
8.69 311.1270
8.70 315.6524
8.71 315.6524
8.72 315.6524
8.73 312.2522
8.74 311.1270
8.75 311.1270
8.76 311.1270
8.77 311.1270
8.78 311.1270
8.79 312.2522
8.80 312.2522
8.81 312.2522
8.82 311.1270
8.83 0.0000
8.84 0.0000
8.85 0.0000
8.86 0.0000
8.87 271.2432
8.88 272.2242
8.89 276.1838
8.90 279.1912
8.91 279.1912
8.92 279.1912
8.93 278.1851
8.94 277.1826
8.95 277.1826
8.96 272.2242
8.97 266.3910
8.98 260.6828
8.99 259.7434
9.00 259.7434
9.01 259.7434
9.02 259.7434
9.03 260.6828
9.04 266.3910
9.05 271.2432
9.06 273.2087
9.07 275.1885
9.08 275.1885
9.09 275.1885
9.10 273.2087
9.11 272.2242
9.12 270.2657
9.13 269.2918
9.14 269.2918
9.15 269.2918
9.16 271.2432
9.17 272.2242
9.18 276.1838
9.19 283.2521
9.20 287.3721
9.21 288.4115
9.22 288.4115
9.23 288.4115
9.24 287.3721
9.25 284.2766
9.26 283.2521
9.27 277.1826
9.28 272.2242
9.29 272.2242
9.30 272.2242
9.31 272.2242
9.32 273.2087
9.33 276.1838
9.34 278.1851
9.35 287.3721
9.36 288.4115
9.37 288.4115
9.38 288.4115
9.39 287.3721
9.40 284.2766
9.41 283.2521
9.42 277.1826
9.43 273.2087
9.44 273.2087
9.45 273.2087
9.46 273.2087
9.47 275.1885
9.48 278.1851
9.49 284.2766
9.50 284.2766
9.51 284.2766
9.52 284.2766
9.53 283.2521
9.54 283.2521
9.55 277.1826
9.56 277.1826
9.57 274.1968
9.58 274.1968
9.59 274.1968
9.60 277.1826
9.61 278.1851
9.62 283.2521
9.63 283.2521
9.64 283.2521
9.65 283.2521
9.66 283.2521
9.67 283.2521
9.68 278.1851
9.69 278.1851
9.70 278.1851
9.71 278.1851
9.72 0.0000
9.73 0.0000
9.74 0.0000
9.75 0.0000
9.76 0.0000
9.77 0.0000
9.78 0.0000
9.79 0.0000
9.80 0.0000
9.81 0.0000
9.82 0.0000
9.83 0.0000
9.84 0.0000
9.85 0.0000
9.86 0.0000
9.87 0.0000
9.88 0.0000
9.89 0.0000
9.90 0.0000
9.91 0.0000
9.92 0.0000
9.93 0.0000
9.94 0.0000
9.95 0.0000
9.96 0.0000
9.97 0.0000
9.98 0.0000
9.99 0.0000
10.00 0.0000
10.01 0.0000
10.02 0.0000
10.03 0.0000
10.04 0.0000
10.05 0.0000
10.06 0.0000
10.07 0.0000
10.08 0.0000
10.09 0.0000
10.10 0.0000
10.11 0.0000
10.12 0.0000
10.13 0.0000
10.14 0.0000
10.15 0.0000
10.16 0.0000
10.17 0.0000
10.18 0.0000
10.19 0.0000
10.20 0.0000
10.21 0.0000
10.22 0.0000
10.23 0.0000
10.24 0.0000
10.25 0.0000
10.26 0.0000
10.27 0.0000
10.28 0.0000
10.29 0.0000
10.30 0.0000
10.31 0.0000
10.32 0.0000
10.33 0.0000
10.34 0.0000
10.35 0.0000
10.36 0.0000
10.37 0.0000
10.38 0.0000
10.39 0.0000
10.40 0.0000
10.41 0.0000
10.42 0.0000
10.43 0.0000
10.44 0.0000
10.45 0.0000
10.46 0.0000
10.47 0.0000
10.48 0.0000
10.49 0.0000
10.50 0.0000
10.51 0.0000
10.52 0.0000
10.53 0.0000
10.54 0.0000
10.55 0.0000
10.56 0.0000
10.57 0.0000
10.58 0.0000
10.59 0.0000
10.60 0.0000
10.61 0.0000
10.62 0.0000
10.63 0.0000
10.64 0.0000
10.65 0.0000
10.66 0.0000
10.67 0.0000
10.68 0.0000
10.69 0.0000
10.70 0.0000
10.71 0.0000
10.72 263.5214
10.73 265.4310
10.74 265.4310
10.75 265.4310
10.76 0.0000
10.77 0.0000
10.78 0.0000
10.79 0.0000
10.80 0.0000
10.81 0.0000
10.82 0.0000
10.83 0.0000
10.84 0.0000
10.85 0.0000
10.86 0.0000
10.87 0.0000
10.88 0.0000
10.89 0.0000
10.90 0.0000
10.91 0.0000
10.92 0.0000
10.93 0.0000
10.94 0.0000
10.95 0.0000
10.96 0.0000
10.97 0.0000
10.98 0.0000
10.99 0.0000
11.00 0.0000
11.01 288.4115
11.02 289.4546
11.03 289.4546
11.04 289.4546
11.05 287.3721
11.06 284.2766
11.07 279.1912
11.08 278.1851
11.09 277.1826
11.10 276.1838
11.11 276.1838
11.12 275.1885
11.13 275.1885
11.14 275.1885
11.15 275.1885
11.16 275.1885
11.17 274.1968
11.18 274.1968
11.19 274.1968
11.20 274.1968
11.21 274.1968
11.22 275.1885
11.23 275.1885
11.24 276.1838
11.25 276.1838
11.26 277.1826
11.27 277.1826
11.28 278.1851
11.29 278.1851
11.30 278.1851
11.31 278.1851
11.32 278.1851
11.33 279.1912
11.34 279.1912
11.35 279.1912
11.36 278.1851
11.37 278.1851
11.38 278.1851
11.39 278.1851
11.40 278.1851
11.41 278.1851
11.42 278.1851
11.43 278.1851
11.44 278.1851
11.45 278.1851
11.46 279.1912
11.47 280.2010
11.48 281.2143
11.49 282.2314
11.50 283.2521
11.51 283.2521
11.52 283.2521
11.53 282.2314
11.54 278.1851
11.55 278.1851
11.56 0.0000
11.57 0.0000
11.58 0.0000
11.59 0.0000
11.60 0.0000
11.61 0.0000
11.62 0.0000
11.63 0.0000
11.64 0.0000
11.65 0.0000
11.66 0.0000
11.67 0.0000
11.68 0.0000
11.69 290.5014
11.70 290.5014
11.71 290.5014
11.72 290.5014
11.73 289.4546
11.74 288.4115
11.75 288.4115
11.76 287.3721
11.77 287.3721
11.78 0.0000
11.79 0.0000
11.80 0.0000
11.81 0.0000
11.82 0.0000
11.83 0.0000
11.84 0.0000
11.85 0.0000
11.86 0.0000
11.87 0.0000
11.88 0.0000
11.89 0.0000
11.90 0.0000
11.91 0.0000
11.92 0.0000
11.93 0.0000
11.94 0.0000
11.95 0.0000
11.96 0.0000
11.97 0.0000
11.98 0.0000
11.99 0.0000
12.00 272.2242
12.01 277.1826
12.02 278.1851
12.03 278.1851
12.04 278.1851
12.05 277.1826
12.06 273.2087
12.07 272.2242
12.08 270.2657
12.09 270.2657
12.10 270.2657
12.11 271.2432
12.12 273.2087
12.13 275.1885
12.14 277.1826
12.15 281.2143
12.16 281.2143
12.17 281.2143
12.18 279.1912
12.19 278.1851
12.20 277.1826
12.21 273.2087
12.22 272.2242
12.23 271.2432
12.24 270.2657
12.25 270.2657
12.26 266.3910
12.27 261.6256
12.28 261.6256
12.29 261.6256
12.30 266.3910
12.31 278.1851
12.32 278.1851
12.33 279.1912
12.34 279.1912
12.35 279.1912
12.36 278.1851
12.37 277.1826
12.38 275.1885
12.39 275.1885
12.40 275.1885
12.41 275.1885
12.42 275.1885
12.43 276.1838
12.44 277.1826
12.45 277.1826
12.46 277.1826
12.47 277.1826
12.48 276.1838
12.49 276.1838
12.50 275.1885
12.51 275.1885
12.52 274.1968
12.53 274.1968
12.54 274.1968
12.55 275.1885
12.56 275.1885
12.57 275.1885
12.58 275.1885
12.59 275.1885
12.60 275.1885
12.61 275.1885
12.62 275.1885
12.63 275.1885
12.64 275.1885
12.65 276.1838
12.66 277.1826
12.67 277.1826
12.68 277.1826
12.69 277.1826
12.70 277.1826
12.71 277.1826
12.72 277.1826
12.73 277.1826
12.74 277.1826
12.75 277.1826
12.76 277.1826
12.77 277.1826
12.78 277.1826
12.79 277.1826
12.80 277.1826
12.81 277.1826
12.82 277.1826
12.83 277.1826
12.84 277.1826
12.85 277.1826
12.86 276.1838
12.87 276.1838
12.88 276.1838
12.89 276.1838
12.90 277.1826
12.91 277.1826
12.92 277.1826
12.93 277.1826
12.94 277.1826
12.95 277.1826
12.96 277.1826
12.97 277.1826
12.98 277.1826
12.99 277.1826
13.00 277.1826
13.01 278.1851
13.02 282.2314
13.03 283.2521
13.04 283.2521
13.05 283.2521
13.06 282.2314
13.07 282.2314
13.08 282.2314
13.09 282.2314
13.10 283.2521
13.11 284.2766
13.12 285.3047
13.13 288.4115
13.14 291.5521
13.15 293.6648
13.16 303.3630
13.17 307.7755
13.18 310.0058
13.19 311.1270
13.20 311.1270
13.21 311.1270
13.22 311.1270
13.23 311.1270
13.24 311.1270
13.25 312.2522
13.26 313.3815
13.27 315.6524
13.28 317.9398
13.29 317.9398
13.30 319.0897
13.31 319.0897
13.32 319.0897
13.33 320.2437
13.34 321.4019
13.35 322.5643
13.36 327.2561
13.37 330.8197
13.38 335.6316
13.39 335.6316
13.40 335.6316
13.41 333.2170
13.42 332.0162
13.43 324.9018
13.44 319.0897
13.45 317.9398
13.46 316.7940
13.47 315.6524
13.48 311.1270
13.49 308.8886
13.50 303.3630
13.51 287.3721
13.52 272.2242
13.53 272.2242
13.54 272.2242
13.55 272.2242
13.56 273.2087
13.57 274.1968
13.58 274.1968
13.59 274.1968
13.60 274.1968
13.61 0.0000
13.62 0.0000
13.63 0.0000
13.64 0.0000
13.65 0.0000
13.66 0.0000
13.67 0.0000
13.68 329.6276
13.69 329.6276
13.70 329.6276
13.71 327.2561
13.72 324.9018
13.73 320.2437
13.74 320.2437
13.75 320.2437
13.76 320.2437
13.77 329.6276
13.78 336.8455
13.79 341.7450
13.80 349.2282
13.81 349.2282
13.82 349.2282
13.83 349.2282
13.84 349.2282
13.85 349.2282
13.86 349.2282
13.87 349.2282
13.88 349.2282
13.89 349.2282
13.90 0.0000
13.91 0.0000
13.92 0.0000
13.93 0.0000
13.94 0.0000
13.95 0.0000
13.96 0.0000
13.97 0.0000
13.98 0.0000
13.99 0.0000
14.00 0.0000
14.01 0.0000
14.02 360.7615
14.03 360.7615
14.04 360.7615
14.05 359.4614
14.06 355.5893
14.07 353.0311
14.08 349.2282
14.09 349.2282
14.10 347.9697
14.11 347.9697
14.12 347.9697
14.13 349.2282
14.14 349.2282
14.15 353.0311
14.16 359.4614
14.17 362.0662
14.18 362.0662
14.19 362.0662
14.20 360.7615
14.21 359.4614
14.22 355.5893
14.23 350.4913
14.24 349.2282
14.25 349.2282
14.26 349.2282
14.27 349.2282
14.28 350.4913
14.29 351.7589
14.30 356.8753
14.31 359.4614
14.32 359.4614
14.33 359.4614
14.34 359.4614
14.35 355.5893
14.36 355.5893
14.37 353.0311
14.38 350.4913
14.39 350.4913
14.40 350.4913
14.41 350.4913
14.42 350.4913
14.43 351.7589
14.44 351.7589
14.45 351.7589
14.46 351.7589
14.47 351.7589
14.48 350.4913
14.49 349.2282
14.50 345.4663
14.51 332.0162
14.52 330.8197
14.53 320.2437
14.54 319.0897
14.55 319.0897
14.56 319.0897
14.57 316.7940
14.58 316.7940
14.59 316.7940
14.60 316.7940
14.61 313.3815
14.62 0.0000
14.63 0.0000
14.64 0.0000
14.65 0.0000
14.66 0.0000
14.67 0.0000
14.68 0.0000
14.69 0.0000
14.70 0.0000
14.71 0.0000
14.72 0.0000
14.73 0.0000
14.74 0.0000
14.75 0.0000
14.76 0.0000
14.77 0.0000
14.78 0.0000
14.79 0.0000
14.80 0.0000
14.81 0.0000
14.82 0.0000
14.83 0.0000
14.84 0.0000
14.85 0.0000
14.86 0.0000
14.87 0.0000
14.88 0.0000
14.89 0.0000
14.90 0.0000
14.91 0.0000
14.92 0.0000
14.93 0.0000
14.94 0.0000
14.95 0.0000
14.96 0.0000
14.97 0.0000
14.98 0.0000
14.99 0.0000
15.00 0.0000
15.01 0.0000
15.02 0.0000
15.03 0.0000
15.04 0.0000
15.05 0.0000
15.06 0.0000
15.07 0.0000
15.08 0.0000
15.09 0.0000
15.10 0.0000
15.11 0.0000
15.12 0.0000
15.13 0.0000
15.14 0.0000
15.15 0.0000
15.16 0.0000
15.17 0.0000
15.18 0.0000
15.19 0.0000
15.20 0.0000
15.21 0.0000
15.22 0.0000
15.23 0.0000
15.24 0.0000
15.25 0.0000
15.26 0.0000
15.27 0.0000
15.28 0.0000
15.29 0.0000
15.30 0.0000
15.31 0.0000
15.32 0.0000
15.33 0.0000
15.34 0.0000
15.35 0.0000
15.36 0.0000
15.37 0.0000
15.38 0.0000
15.39 0.0000
15.40 0.0000
15.41 0.0000
15.42 0.0000
15.43 0.0000
15.44 0.0000
15.45 0.0000
15.46 0.0000
15.47 0.0000
15.48 0.0000
15.49 0.0000
15.50 0.0000
15.51 0.0000
15.52 0.0000
15.53 0.0000
15.54 0.0000
15.55 0.0000
15.56 0.0000
15.57 0.0000
15.58 0.0000
15.59 0.0000
15.60 0.0000
15.61 0.0000
15.62 0.0000
15.63 0.0000
15.64 0.0000
15.65 0.0000
15.66 0.0000
15.67 0.0000
15.68 0.0000
15.69 0.0000
15.70 269.2918
15.71 269.2918
15.72 269.2918
15.73 269.2918
15.74 268.3214
15.75 267.3544
15.76 267.3544
15.77 267.3544
15.78 267.3544
15.79 272.2242
15.80 277.1826
15.81 283.2521
15.82 287.3721
15.83 292.6065
15.84 303.3630
15.85 311.1270
15.86 311.1270
15.87 311.1270
15.88 311.1270
15.89 308.8886
15.90 307.7755
15.91 303.3630
15.92 301.1805
15.93 301.1805
15.94 301.1805
15.95 302.2698
15.96 303.3630
15.97 304.4602
15.98 308.8886
15.99 312.2522
16.00 317.9398
16.01 317.9398
16.02 317.9398
16.03 316.7940
16.04 313.3815
16.05 311.1270
16.06 307.7755
16.07 305.5613
16.08 305.5613
16.09 305.5613
16.10 306.6664
16.11 308.8886
16.12 311.1270
16.13 313.3815
16.14 316.7940
16.15 316.7940
16.16 316.7940
16.17 315.6524
16.18 313.3815
16.19 311.1270
16.20 307.7755
16.21 306.6664
16.22 306.6664
16.23 306.6664
16.24 306.6664
16.25 307.7755
16.26 311.1270
16.27 315.6524
16.28 315.6524
16.29 315.6524
16.30 315.6524
16.31 314.5149
16.32 312.2522
16.33 310.0058
16.34 307.7755
16.35 307.7755
16.36 307.7755
16.37 308.8886
16.38 310.0058
16.39 313.3815
16.40 317.9398
16.41 317.9398
16.42 317.9398
16.43 317.9398
16.44 316.7940
16.45 311.1270
16.46 303.3630
16.47 303.3630
16.48 273.2087
16.49 273.2087
16.50 273.2087
16.51 273.2087
16.52 274.1968
16.53 275.1885
16.54 277.1826
16.55 277.1826
16.56 277.1826
16.57 278.1851
16.58 278.1851
16.59 278.1851
16.60 278.1851
16.61 278.1851
16.62 0.0000
16.63 0.0000
16.64 0.0000
16.65 0.0000
16.66 0.0000
16.67 0.0000
16.68 0.0000
16.69 0.0000
16.70 0.0000
16.71 0.0000
16.72 319.0897
16.73 323.7309
16.74 323.7309
16.75 323.7309
16.76 322.5643
16.77 322.5643
16.78 322.5643
16.79 322.5643
16.80 323.7309
16.81 329.6276
16.82 335.6316
16.83 336.8455
16.84 347.9697
16.85 355.5893
16.86 355.5893
16.87 355.5893
16.88 354.3079
16.89 353.0311
16.90 350.4913
16.91 350.4913
16.92 350.4913
16.93 350.4913
16.94 353.0311
16.95 353.0311
16.96 353.0311
16.97 351.7589
16.98 0.0000
16.99 0.0000
17.00 0.0000
17.01 0.0000
17.02 0.0000
17.03 0.0000
17.04 0.0000
17.05 0.0000
17.06 0.0000
17.07 0.0000
17.08 0.0000
17.09 0.0000
17.10 0.0000
17.11 0.0000
17.12 0.0000
17.13 0.0000
17.14 0.0000
17.15 0.0000
17.16 0.0000
17.17 0.0000
17.18 0.0000
17.19 0.0000
17.20 0.0000
17.21 0.0000
17.22 0.0000
17.23 0.0000
17.24 0.0000
17.25 0.0000
17.26 0.0000
17.27 0.0000
17.28 0.0000
17.29 0.0000
17.30 0.0000
17.31 0.0000
17.32 0.0000
17.33 0.0000
17.34 0.0000
17.35 0.0000
17.36 200.2895
17.37 201.0139
17.38 201.0139
17.39 201.0139
17.40 201.0139
17.41 201.0139
17.42 201.0139
17.43 201.0139
17.44 201.0139
17.45 201.7409
17.46 201.7409
17.47 206.9040
17.48 207.6523
17.49 212.1993
17.50 215.2859
17.51 216.0645
17.52 216.0645
17.53 216.0645
17.54 216.0645
17.55 212.1993
17.56 211.4347
17.57 206.1584
17.58 205.4155
17.59 205.4155
17.60 205.4155
17.61 206.1584
17.62 206.9040
17.63 207.6523
17.64 209.1571
17.65 212.1993
17.66 212.1993
17.67 212.1993
17.68 212.1993
17.69 211.4347
17.70 209.9135
17.71 206.9040
17.72 205.4155
17.73 205.4155
17.74 205.4155
17.75 206.1584
17.76 206.9040
17.77 208.4034
17.78 209.9135
17.79 210.6727
17.80 210.6727
17.81 210.6727
17.82 209.9135
17.83 209.9135
17.84 209.1571
17.85 209.1571
17.86 209.1571
17.87 208.4034
17.88 208.4034
17.89 208.4034
17.90 208.4034
17.91 208.4034
17.92 208.4034
17.93 208.4034
17.94 208.4034
17.95 208.4034
17.96 207.6523
17.97 0.0000
17.98 0.0000
17.99 0.0000
18.00 0.0000
18.01 0.0000
18.02 0.0000
18.03 0.0000
18.04 0.0000
18.05 0.0000
18.06 209.1571
18.07 209.1571
18.08 209.1571
18.09 209.9135
18.10 210.6727
18.11 211.4347
18.12 212.1993
18.13 218.4173
18.14 221.5942
18.15 223.2000
18.16 225.6305
18.17 233.0819
18.18 235.6200
18.19 236.4721
18.20 236.4721
18.21 236.4721
18.22 235.6200
18.23 233.9249
18.24 231.4050
18.25 228.0874
18.26 227.2655
18.27 227.2655
18.28 227.2655
18.29 230.5711
18.30 231.4050
18.31 233.0819
18.32 236.4721
18.33 239.0471
18.34 239.9117
18.35 239.9117
18.36 239.9117
18.37 239.0471
18.38 239.0471
18.39 235.6200
18.40 233.9249
18.41 230.5711
18.42 228.9123
18.43 228.9123
18.44 228.9123
18.45 229.7402
18.46 231.4050
18.47 233.0819
18.48 236.4721
18.49 239.0471
18.50 239.0471
18.51 239.0471
18.52 239.0471
18.53 239.0471
18.54 239.0471
18.55 235.6200
18.56 233.9249
18.57 232.2419
18.58 231.4050
18.59 231.4050
18.60 231.4050
18.61 231.4050
18.62 232.2419
18.63 233.9249
18.64 237.3274
18.65 239.0471
18.66 239.0471
18.67 239.0471
18.68 239.0471
18.69 239.0471
18.70 236.4721
18.71 234.7709
18.72 232.2419
18.73 228.0874
18.74 226.4465
18.75 225.6305
18.76 225.6305
18.77 225.6305
18.78 226.4465
18.79 228.9123
18.80 231.4050
18.81 233.0819
18.82 234.7709
18.83 236.4721
18.84 236.4721
18.85 236.4721
18.86 236.4721
18.87 235.6200
18.88 235.6200
18.89 234.7709
18.90 233.9249
18.91 233.0819
18.92 233.0819
18.93 233.0819
18.94 233.0819
18.95 233.0819
18.96 233.9249
18.97 236.4721
18.98 239.0471
18.99 240.7794
19.00 240.7794
19.01 240.7794
19.02 240.7794
19.03 239.9117
19.04 239.9117
19.05 235.6200
19.06 233.0819
19.07 228.0874
19.08 226.4465
19.09 226.4465
19.10 226.4465
19.11 226.4465
19.12 228.0874
19.13 230.5711
19.14 232.2419
19.15 234.7709
19.16 236.4721
19.17 236.4721
19.18 236.4721
19.19 235.6200
19.20 234.7709
19.21 233.9249
19.22 233.0819
19.23 232.2419
19.24 230.5711
19.25 229.7402
19.26 229.7402
19.27 229.7402
19.28 229.7402
19.29 230.5711
19.30 232.2419
19.31 233.9249
19.32 235.6200
19.33 236.4721
19.34 236.4721
19.35 236.4721
19.36 234.7709
19.37 233.9249
19.38 233.0819
19.39 231.4050
19.40 226.4465
19.41 225.6305
19.42 225.6305
19.43 225.6305
19.44 225.6305
19.45 225.6305
19.46 230.5711
19.47 231.4050
19.48 233.9249
19.49 236.4721
19.50 236.4721
19.51 236.4721
19.52 235.6200
19.53 233.9249
19.54 233.9249
19.55 232.2419
19.56 230.5711
19.57 230.5711
19.58 230.5711
19.59 230.5711
19.60 231.4050
19.61 231.4050
19.62 233.0819
19.63 237.3274
19.64 239.9117
19.65 240.7794
19.66 240.7794
19.67 240.7794
19.68 240.7794
19.69 239.9117
19.70 239.0471
19.71 233.9249
19.72 233.0819
19.73 231.4050
19.74 231.4050
19.75 231.4050
19.76 231.4050
19.77 232.2419
19.78 233.0819
19.79 233.9249
19.80 237.3274
19.81 239.0471
19.82 239.0471
19.83 239.0471
19.84 238.1857
19.85 238.1857
19.86 236.4721
19.87 234.7709
19.88 233.0819
19.89 232.2419
19.90 231.4050
19.91 231.4050
19.92 231.4050
19.93 231.4050
19.94 233.0819
19.95 236.4721
19.96 239.9117
19.97 239.9117
19.98 239.9117
19.99 239.9117
20.00 239.9117
20.01 239.0471
20.02 236.4721
20.03 233.0819
20.04 228.9123
20.05 228.0874
20.06 228.0874
20.07 228.0874
20.08 228.9123
20.09 230.5711
20.10 233.0819
20.11 236.4721
20.12 239.0471
20.13 239.0471
20.14 239.0471
20.15 238.1857
20.16 238.1857
20.17 238.1857
20.18 235.6200
20.19 234.7709
20.20 234.7709
20.21 234.7709
20.22 234.7709
20.23 235.6200
20.24 235.6200
20.25 235.6200
20.26 235.6200
20.27 0.0000
20.28 0.0000
20.29 0.0000
20.30 0.0000
20.31 0.0000
20.32 0.0000
20.33 0.0000
20.34 0.0000
20.35 0.0000
20.36 0.0000
20.37 0.0000
20.38 0.0000
20.39 0.0000
20.40 0.0000
20.41 0.0000
20.42 0.0000
20.43 0.0000
20.44 0.0000
20.45 0.0000
20.46 0.0000
20.47 0.0000
20.48 0.0000
20.49 0.0000
20.50 0.0000
20.51 0.0000
20.52 0.0000
20.53 0.0000
20.54 0.0000
20.55 0.0000
20.56 0.0000
20.57 0.0000
20.58 0.0000
20.59 0.0000
20.60 0.0000
20.61 0.0000
20.62 0.0000
20.63 0.0000
20.64 0.0000
20.65 0.0000
20.66 0.0000
20.67 0.0000
20.68 0.0000
20.69 0.0000
20.70 0.0000
20.71 0.0000
20.72 0.0000
20.73 0.0000
20.74 0.0000
20.75 0.0000
20.76 0.0000
20.77 0.0000
20.78 0.0000
20.79 0.0000
20.80 0.0000
20.81 0.0000
20.82 0.0000
20.83 0.0000
20.84 0.0000
20.85 0.0000
20.86 0.0000
20.87 0.0000
20.88 0.0000
20.89 0.0000
20.90 0.0000
20.91 0.0000
20.92 0.0000
20.93 0.0000
20.94 0.0000
20.95 0.0000
20.96 0.0000
20.97 0.0000
20.98 0.0000
20.99 0.0000
21.00 0.0000
21.01 0.0000
21.02 0.0000
21.03 0.0000
21.04 0.0000
21.05 0.0000
21.06 0.0000
21.07 0.0000
21.08 0.0000
21.09 0.0000
21.10 0.0000
21.11 0.0000
21.12 0.0000
21.13 0.0000
21.14 0.0000
21.15 0.0000
21.16 0.0000
21.17 0.0000
21.18 0.0000
21.19 0.0000
21.20 0.0000
21.21 0.0000
21.22 0.0000
21.23 0.0000
21.24 0.0000
21.25 0.0000
21.26 0.0000
21.27 0.0000
21.28 0.0000
21.29 0.0000
21.30 0.0000
21.31 0.0000
21.32 0.0000
21.33 244.2816
21.34 244.2816
21.35 245.1651
21.36 245.1651
21.37 245.1651
21.38 247.8348
21.39 249.6307
21.40 259.7434
21.41 260.6828
21.42 271.2432
21.43 278.1851
21.44 283.2521
21.45 283.2521
21.46 283.2521
21.47 279.1912
21.48 278.1851
21.49 278.1851
21.50 278.1851
21.51 278.1851
21.52 279.1912
21.53 279.1912
21.54 280.2010
21.55 280.2010
21.56 280.2010
21.57 279.1912
21.58 279.1912
21.59 279.1912
21.60 278.1851
21.61 278.1851
21.62 278.1851
21.63 278.1851
21.64 277.1826
21.65 277.1826
21.66 272.2242
21.67 272.2242
21.68 272.2242
21.69 272.2242
21.70 274.1968
21.71 274.1968
21.72 274.1968
21.73 274.1968
21.74 274.1968
21.75 0.0000
21.76 0.0000
21.77 0.0000
21.78 0.0000
21.79 0.0000
21.80 0.0000
21.81 0.0000
21.82 0.0000
21.83 0.0000
21.84 0.0000
21.85 0.0000
21.86 0.0000
21.87 0.0000
21.88 0.0000
21.89 0.0000
21.90 0.0000
21.91 0.0000
21.92 0.0000
21.93 0.0000
21.94 0.0000
21.95 0.0000
21.96 0.0000
21.97 0.0000
21.98 0.0000
21.99 282.2314
22.00 282.2314
22.01 282.2314
22.02 281.2143
22.03 279.1912
22.04 277.1826
22.05 276.1838
22.06 273.2087
22.07 273.2087
22.08 273.2087
22.09 273.2087
22.10 273.2087
22.11 274.1968
22.12 275.1885
22.13 276.1838
22.14 276.1838
22.15 276.1838
22.16 277.1826
22.17 277.1826
22.18 278.1851
22.19 279.1912
22.20 279.1912
22.21 279.1912
22.22 279.1912
22.23 279.1912
22.24 278.1851
22.25 278.1851
22.26 277.1826
22.27 276.1838
22.28 275.1885
22.29 275.1885
22.30 275.1885
22.31 275.1885
22.32 275.1885
22.33 275.1885
22.34 276.1838
22.35 276.1838
22.36 277.1826
22.37 277.1826
22.38 277.1826
22.39 277.1826
22.40 277.1826
22.41 277.1826
22.42 277.1826
22.43 277.1826
22.44 277.1826
22.45 277.1826
22.46 277.1826
22.47 277.1826
22.48 277.1826
22.49 277.1826
22.50 277.1826
22.51 277.1826
22.52 276.1838
22.53 276.1838
22.54 276.1838
22.55 275.1885
22.56 275.1885
22.57 275.1885
22.58 275.1885
22.59 275.1885
22.60 275.1885
22.61 275.1885
22.62 275.1885
22.63 273.2087
22.64 273.2087
22.65 273.2087
22.66 273.2087
22.67 271.2432
22.68 261.6256
22.69 258.8073
22.70 249.6307
22.71 248.7311
22.72 0.0000
22.73 0.0000
22.74 0.0000
22.75 0.0000
22.76 0.0000
22.77 0.0000
22.78 0.0000
22.79 0.0000
22.80 0.0000
22.81 0.0000
22.82 0.0000
22.83 0.0000
22.84 0.0000
22.85 0.0000
22.86 0.0000
22.87 0.0000
22.88 0.0000
22.89 0.0000
22.90 0.0000
22.91 0.0000
22.92 0.0000
22.93 0.0000
22.94 0.0000
22.95 0.0000
22.96 0.0000
22.97 0.0000
22.98 0.0000
22.99 0.0000
23.00 0.0000
23.01 0.0000
23.02 0.0000
23.03 0.0000
23.04 0.0000
23.05 0.0000
23.06 0.0000
23.07 0.0000
23.08 0.0000
23.09 0.0000
23.10 0.0000
23.11 0.0000
23.12 0.0000
23.13 0.0000
23.14 0.0000
23.15 0.0000
23.16 0.0000
23.17 0.0000
23.18 0.0000
23.19 0.0000
23.20 0.0000
23.21 0.0000
23.22 0.0000
23.23 0.0000
23.24 0.0000
23.25 0.0000
23.26 0.0000
23.27 0.0000
23.28 0.0000
23.29 0.0000
23.30 0.0000
23.31 0.0000
23.32 0.0000
23.33 0.0000
23.34 0.0000
23.35 0.0000
23.36 0.0000
23.37 0.0000
23.38 0.0000
23.39 0.0000
23.40 0.0000
23.41 0.0000
23.42 0.0000
23.43 0.0000
23.44 0.0000
23.45 0.0000
23.46 0.0000
23.47 0.0000
23.48 0.0000
23.49 0.0000
23.50 0.0000
23.51 0.0000
23.52 0.0000
23.53 0.0000
23.54 0.0000
23.55 0.0000
23.56 0.0000
23.57 0.0000
23.58 0.0000
23.59 0.0000
23.60 0.0000
23.61 0.0000
23.62 0.0000
23.63 0.0000
23.64 0.0000
23.65 0.0000
23.66 233.9249
23.67 236.4721
23.68 236.4721
23.69 237.3274
23.70 238.1857
23.71 239.0471
23.72 239.9117
23.73 242.5242
23.74 248.7311
23.75 249.6307
23.76 254.1776
23.77 259.7434
23.78 261.6256
23.79 265.4310
23.80 265.4310
23.81 265.4310
23.82 265.4310
23.83 265.4310
23.84 264.4745
23.85 262.5718
23.86 261.6256
23.87 259.7434
23.88 259.7434
23.89 0.0000
23.90 0.0000
23.91 0.0000
23.92 0.0000
23.93 0.0000
23.94 0.0000
23.95 0.0000
23.96 0.0000
23.97 0.0000
23.98 0.0000
23.99 0.0000
24.00 249.6307
24.01 249.6307
24.02 259.7434
24.03 265.4310
24.04 266.3910
24.05 266.3910
24.06 266.3910
24.07 266.3910
24.08 262.5718
24.09 259.7434
24.10 259.7434
24.11 259.7434
24.12 259.7434
24.13 260.6828
24.14 266.3910
24.15 271.2432
24.16 272.2242
24.17 272.2242
24.18 272.2242
24.19 272.2242
24.20 270.2657
24.21 265.4310
24.22 262.5718
24.23 262.5718
24.24 262.5718
24.25 262.5718
24.26 261.6256
24.27 261.6256
24.28 260.6828
24.29 260.6828
24.30 260.6828
24.31 260.6828
24.32 260.6828
24.33 260.6828
24.34 260.6828
24.35 259.7434
24.36 259.7434
24.37 259.7434
24.38 259.7434
24.39 259.7434
24.40 259.7434
24.41 259.7434
24.42 260.6828
24.43 262.5718
24.44 266.3910
24.45 272.2242
24.46 276.1838
24.47 278.1851
24.48 278.1851
24.49 278.1851
24.50 277.1826
24.51 277.1826
24.52 273.2087
24.53 272.2242
24.54 272.2242
24.55 272.2242
24.56 272.2242
24.57 272.2242
24.58 272.2242
24.59 271.2432
24.60 271.2432
24.61 270.2657
24.62 266.3910
24.63 265.4310
24.64 265.4310
24.65 265.4310
24.66 266.3910
24.67 271.2432
24.68 273.2087
24.69 273.2087
24.70 273.2087
24.71 272.2242
24.72 272.2242
24.73 270.2657
24.74 266.3910
24.75 265.4310
24.76 265.4310
24.77 265.4310
24.78 266.3910
24.79 270.2657
24.80 273.2087
24.81 275.1885
24.82 277.1826
24.83 279.1912
24.84 279.1912
24.85 279.1912
24.86 278.1851
24.87 277.1826
24.88 277.1826
24.89 273.2087
24.90 271.2432
24.91 271.2432
24.92 271.2432
24.93 271.2432
24.94 272.2242
24.95 275.1885
24.96 278.1851
24.97 284.2766
24.98 285.3047
24.99 285.3047
25.00 285.3047
25.01 285.3047
25.02 284.2766
25.03 283.2521
25.04 277.1826
25.05 275.1885
25.06 275.1885
25.07 275.1885
25.08 276.1838
25.09 278.1851
25.10 283.2521
25.11 285.3047
25.12 287.3721
25.13 287.3721
25.14 287.3721
25.15 286.3366
25.16 283.2521
25.17 279.1912
25.18 278.1851
25.19 278.1851
25.20 278.1851
25.21 278.1851
25.22 278.1851
25.23 278.1851
25.24 278.1851
25.25 277.1826
25.26 277.1826
25.27 276.1838
25.28 273.2087
25.29 272.2242
25.30 266.3910
25.31 261.6256
25.32 259.7434
25.33 249.6307
25.34 248.7311
25.35 240.7794
25.36 239.9117
25.37 235.6200
25.38 235.6200
25.39 234.7709
25.40 234.7709
25.41 233.9249
25.42 0.0000
25.43 0.0000
25.44 0.0000
25.45 0.0000
25.46 0.0000
25.47 0.0000
25.48 0.0000
25.49 0.0000
25.50 0.0000
25.51 0.0000
25.52 0.0000
25.53 0.0000
25.54 0.0000
25.55 0.0000
25.56 0.0000
25.57 0.0000
25.58 0.0000
25.59 0.0000
25.60 0.0000
25.61 0.0000
25.62 0.0000
25.63 0.0000
25.64 0.0000
25.65 0.0000
25.66 0.0000
25.67 0.0000
25.68 0.0000
25.69 0.0000
25.70 0.0000
25.71 0.0000
25.72 0.0000
25.73 0.0000
25.74 0.0000
25.75 0.0000
25.76 0.0000
25.77 0.0000
25.78 0.0000
25.79 0.0000
25.80 0.0000
25.81 0.0000
25.82 0.0000
25.83 0.0000
25.84 0.0000
25.85 0.0000
25.86 0.0000
25.87 0.0000
25.88 0.0000
25.89 0.0000
25.90 0.0000
25.91 0.0000
25.92 0.0000
25.93 0.0000
25.94 0.0000
25.95 0.0000
25.96 0.0000
25.97 0.0000
25.98 0.0000
25.99 0.0000
26.00 0.0000
26.01 0.0000
26.02 0.0000
26.03 0.0000
26.04 0.0000
26.05 0.0000
26.06 0.0000
26.07 0.0000
26.08 0.0000
26.09 0.0000
26.10 0.0000
26.11 0.0000
26.12 0.0000
26.13 0.0000
26.14 0.0000
26.15 0.0000
26.16 0.0000
26.17 0.0000
26.18 0.0000
26.19 0.0000
26.20 0.0000
26.21 0.0000
26.22 0.0000
26.23 0.0000
26.24 0.0000
26.25 0.0000
26.26 0.0000
26.27 0.0000
26.28 0.0000
26.29 0.0000
26.30 0.0000
26.31 0.0000
26.32 0.0000
26.33 0.0000
26.34 0.0000
26.35 0.0000
26.36 0.0000
26.37 0.0000
26.38 0.0000
26.39 0.0000
26.40 0.0000
26.41 0.0000
26.42 0.0000
26.43 0.0000
26.44 0.0000
26.45 0.0000
26.46 0.0000
26.47 0.0000
26.48 0.0000
26.49 0.0000
26.50 0.0000
26.51 0.0000
26.52 0.0000
26.53 0.0000
26.54 0.0000
26.55 0.0000
26.56 0.0000
26.57 0.0000
26.58 182.3449
26.59 184.3305
26.60 184.3305
26.61 200.2895
26.62 207.6523
26.63 218.4173
26.64 222.3956
26.65 225.6305
26.66 230.5711
26.67 230.5711
26.68 230.5711
26.69 229.7402
26.70 229.7402
26.71 229.7402
26.72 231.4050
26.73 233.0819
26.74 240.7794
26.75 249.6307
26.76 259.7434
26.77 266.3910
26.78 274.1968
26.79 274.1968
26.80 274.1968
26.81 273.2087
26.82 272.2242
26.83 272.2242
26.84 272.2242
26.85 272.2242
26.86 272.2242
26.87 273.2087
26.88 274.1968
26.89 275.1885
26.90 276.1838
26.91 277.1826
26.92 277.1826
26.93 278.1851
26.94 278.1851
26.95 278.1851
26.96 278.1851
26.97 278.1851
26.98 278.1851
26.99 278.1851
27.00 277.1826
27.01 276.1838
27.02 275.1885
27.03 274.1968
27.04 274.1968
27.05 274.1968
27.06 274.1968
27.07 274.1968
27.08 275.1885
27.09 275.1885
27.10 276.1838
27.11 277.1826
27.12 277.1826
27.13 278.1851
27.14 278.1851
27.15 278.1851
27.16 278.1851
27.17 278.1851
27.18 278.1851
27.19 278.1851
27.20 278.1851
27.21 278.1851
27.22 277.1826
27.23 277.1826
27.24 277.1826
27.25 277.1826
27.26 277.1826
27.27 277.1826
27.28 277.1826
27.29 277.1826
27.30 278.1851
27.31 278.1851
27.32 278.1851
27.33 277.1826
27.34 277.1826
27.35 277.1826
27.36 276.1838
27.37 276.1838
27.38 276.1838
27.39 276.1838
27.40 276.1838
27.41 277.1826
27.42 277.1826
27.43 277.1826
27.44 277.1826
27.45 277.1826
27.46 277.1826
27.47 277.1826
27.48 277.1826
27.49 277.1826
27.50 277.1826
27.51 277.1826
27.52 277.1826
27.53 277.1826
27.54 277.1826
27.55 277.1826
27.56 277.1826
27.57 277.1826
27.58 277.1826
27.59 277.1826
27.60 277.1826
27.61 277.1826
27.62 277.1826
27.63 276.1838
27.64 276.1838
27.65 275.1885
27.66 275.1885
27.67 275.1885
27.68 275.1885
27.69 276.1838
27.70 276.1838
27.71 276.1838
27.72 276.1838
27.73 275.1885
27.74 275.1885
27.75 275.1885
27.76 275.1885
27.77 275.1885
27.78 275.1885
27.79 275.1885
27.80 276.1838
27.81 276.1838
27.82 276.1838
27.83 277.1826
27.84 277.1826
27.85 277.1826
27.86 277.1826
27.87 277.1826
27.88 277.1826
27.89 276.1838
27.90 276.1838
27.91 276.1838
27.92 275.1885
27.93 273.2087
27.94 273.2087
27.95 273.2087
27.96 274.1968
27.97 276.1838
27.98 276.1838
27.99 276.1838
28.00 276.1838
28.01 276.1838
28.02 274.1968
28.03 274.1968
28.04 274.1968
28.05 275.1885
28.06 278.1851
28.07 278.1851
28.08 278.1851
28.09 0.0000
28.10 0.0000
28.11 0.0000
28.12 0.0000
28.13 0.0000
28.14 0.0000
28.15 0.0000
28.16 0.0000
28.17 0.0000
28.18 0.0000
28.19 0.0000
28.20 0.0000
28.21 0.0000
28.22 0.0000
28.23 0.0000
28.24 0.0000
28.25 0.0000
28.26 0.0000
28.27 0.0000
28.28 0.0000
28.29 0.0000
28.30 0.0000
28.31 278.1851
28.32 278.1851
28.33 287.3721
28.34 288.4115
28.35 288.4115
28.36 288.4115
28.37 288.4115
28.38 283.2521
28.39 277.1826
28.40 276.1838
28.41 276.1838
28.42 276.1838
28.43 277.1826
28.44 277.1826
28.45 277.1826
28.46 259.7434
28.47 249.6307
28.48 248.7311
28.49 233.0819
28.50 218.4173
28.51 207.6523
28.52 203.9377
28.53 203.9377
28.54 203.9377
28.55 205.4155
28.56 206.1584
28.57 206.9040
28.58 208.4034
28.59 209.1571
28.60 209.1571
28.61 209.1571
28.62 208.4034
28.63 206.9040
28.64 206.1584
28.65 205.4155
28.66 205.4155
28.67 203.2028
28.68 203.2028
28.69 203.2028
28.70 203.2028
28.71 203.2028
28.72 203.2028
28.73 203.9377
28.74 204.6753
28.75 205.4155
28.76 205.4155
28.77 205.4155
28.78 0.0000
28.79 0.0000
28.80 0.0000
28.81 0.0000
28.82 0.0000
28.83 0.0000
28.84 0.0000
28.85 0.0000
28.86 0.0000
28.87 0.0000
28.88 0.0000
28.89 0.0000
28.90 0.0000
28.91 0.0000
28.92 0.0000
28.93 0.0000
28.94 0.0000
28.95 0.0000
28.96 0.0000
28.97 0.0000
28.98 238.1857
28.99 238.1857
29.00 238.1857
29.01 238.1857
29.02 235.6200
29.03 235.6200
29.04 235.6200
29.05 236.4721
29.06 239.9117
29.07 243.4013
29.08 249.6307
29.09 259.7434
29.10 265.4310
29.11 271.2432
29.12 271.2432
29.13 271.2432
29.14 271.2432
29.15 270.2657
29.16 266.3910
29.17 265.4310
29.18 263.5214
29.19 262.5718
29.20 261.6256
29.21 260.6828
29.22 260.6828
29.23 0.0000
29.24 0.0000
29.25 0.0000
29.26 0.0000
29.27 0.0000
29.28 0.0000
29.29 0.0000
29.30 0.0000
29.31 0.0000
29.32 0.0000
29.33 0.0000
29.34 0.0000
29.35 0.0000
29.36 0.0000
29.37 0.0000
29.38 0.0000
29.39 0.0000
29.40 0.0000
29.41 0.0000
29.42 0.0000
29.43 0.0000
29.44 0.0000
29.45 260.6828
29.46 262.5718
29.47 262.5718
29.48 262.5718
29.49 262.5718
29.50 260.6828
29.51 258.8073
29.52 254.1776
29.53 254.1776
29.54 254.1776
29.55 254.1776
29.56 256.0195
29.57 259.7434
29.58 262.5718
29.59 265.4310
29.60 265.4310
29.61 265.4310
29.62 263.5214
29.63 263.5214
29.64 263.5214
29.65 263.5214
29.66 263.5214
29.67 264.4745
29.68 264.4745
29.69 264.4745
29.70 263.5214
29.71 260.6828
29.72 259.7434
29.73 254.1776
29.74 249.6307
29.75 248.7311
29.76 0.0000
29.77 0.0000
29.78 0.0000
29.79 0.0000
29.80 278.1851
29.81 278.1851
29.82 288.4115
29.83 288.4115
29.84 288.4115
29.85 287.3721
29.86 283.2521
29.87 277.1826
29.88 274.1968
29.89 274.1968
29.90 274.1968
29.91 276.1838
29.92 278.1851
29.93 278.1851
29.94 278.1851
29.95 0.0000
29.96 0.0000
29.97 0.0000
29.98 0.0000
29.99 0.0000
30.00 0.0000
30.01 0.0000
30.02 0.0000
30.03 0.0000
30.04 0.0000
30.05 0.0000
30.06 0.0000
30.07 0.0000
30.08 0.0000
30.09 0.0000
30.10 0.0000
30.11 0.0000
30.12 278.1851
30.13 278.1851
30.14 278.1851
30.15 277.1826
30.16 273.2087
30.17 271.2432
30.18 271.2432
30.19 271.2432
30.20 273.2087
30.21 277.1826
30.22 278.1851
30.23 278.1851
30.24 278.1851
30.25 277.1826
30.26 273.2087
30.27 272.2242
30.28 272.2242
30.29 272.2242
30.30 278.1851
30.31 278.1851
30.32 278.1851
30.33 291.5521
30.34 299.0138
30.35 319.0897
30.36 323.7309
30.37 323.7309
30.38 323.7309
30.39 323.7309
30.40 322.5643
30.41 322.5643
30.42 322.5643
30.43 323.7309
30.44 329.6276
30.45 332.0162
30.46 336.8455
30.47 341.7450
30.48 349.2282
30.49 350.4913
30.50 350.4913
30.51 350.4913
30.52 350.4913
30.53 349.2282
30.54 349.2282
30.55 349.2282
30.56 349.2282
30.57 349.2282
30.58 349.2282
30.59 349.2282
30.60 349.2282
30.61 349.2282
30.62 332.0162
30.63 332.0162
30.64 317.9398
30.65 316.7940
30.66 314.5149
30.67 311.1270
30.68 310.0058
30.69 291.5521
30.70 290.5014
30.71 288.4115
30.72 273.2087
30.73 271.2432
30.74 271.2432
30.75 271.2432
30.76 272.2242
30.77 272.2242
30.78 274.1968
30.79 274.1968
30.80 274.1968
30.81 274.1968
30.82 274.1968
30.83 274.1968
30.84 274.1968
30.85 275.1885
30.86 278.1851
30.87 283.2521
30.88 288.4115
30.89 291.5521
30.90 293.6648
30.91 293.6648
30.92 293.6648
30.93 293.6648
30.94 292.6065
30.95 292.6065
30.96 291.5521
30.97 291.5521
30.98 278.1851
30.99 278.1851
31.00 278.1851
31.01 278.1851
31.02 287.3721
31.03 288.4115
31.04 290.5014
31.05 290.5014
31.06 290.5014
31.07 290.5014
31.08 288.4115
31.09 287.3721
31.10 283.2521
31.11 277.1826
31.12 277.1826
31.13 277.1826
31.14 278.1851
31.15 287.3721
31.16 291.5521
31.17 291.5521
31.18 291.5521
31.19 291.5521
31.20 291.5521
31.21 288.4115
31.22 287.3721
31.23 287.3721
31.24 287.3721
31.25 287.3721
31.26 291.5521
31.27 300.0952
31.28 303.3630
31.29 303.3630
31.30 303.3630
31.31 0.0000
31.32 0.0000
31.33 0.0000
31.34 0.0000
31.35 0.0000
31.36 0.0000
31.37 0.0000
31.38 0.0000
31.39 0.0000
31.40 0.0000
31.41 0.0000
31.42 0.0000
31.43 0.0000
31.44 0.0000
31.45 0.0000
31.46 0.0000
31.47 0.0000
31.48 0.0000
31.49 0.0000
31.50 0.0000
31.51 0.0000
31.52 0.0000
31.53 0.0000
31.54 0.0000
31.55 0.0000
31.56 0.0000
31.57 0.0000
31.58 0.0000
31.59 0.0000
31.60 0.0000
31.61 0.0000
