0.00 0.0000
0.01 0.0000
0.02 0.0000
0.03 0.0000
0.04 0.0000
0.05 0.0000
0.06 0.0000
0.07 0.0000
0.08 0.0000
0.09 0.0000
0.10 0.0000
0.11 0.0000
0.12 0.0000
0.13 0.0000
0.14 0.0000
0.15 0.0000
0.16 0.0000
0.17 0.0000
0.18 0.0000
0.19 0.0000
0.20 0.0000
0.21 0.0000
0.22 0.0000
0.23 0.0000
0.24 0.0000
0.25 0.0000
0.26 0.0000
0.27 0.0000
0.28 0.0000
0.29 0.0000
0.30 0.0000
0.31 0.0000
0.32 0.0000
0.33 0.0000
0.34 0.0000
0.35 0.0000
0.36 0.0000
0.37 0.0000
0.38 0.0000
0.39 0.0000
0.40 0.0000
0.41 0.0000
0.42 0.0000
0.43 0.0000
0.44 0.0000
0.45 0.0000
0.46 0.0000
0.47 0.0000
0.48 0.0000
0.49 0.0000
0.50 0.0000
0.51 0.0000
0.52 0.0000
0.53 0.0000
0.54 0.0000
0.55 0.0000
0.56 0.0000
0.57 0.0000
0.58 0.0000
0.59 0.0000
0.60 0.0000
0.61 0.0000
0.62 0.0000
0.63 0.0000
0.64 0.0000
0.65 0.0000
0.66 0.0000
0.67 0.0000
0.68 0.0000
0.69 0.0000
0.70 0.0000
0.71 0.0000
0.72 0.0000
0.73 0.0000
0.74 0.0000
0.75 0.0000
0.76 0.0000
0.77 0.0000
0.78 0.0000
0.79 0.0000
0.80 0.0000
0.81 0.0000
0.82 0.0000
0.83 0.0000
0.84 0.0000
0.85 0.0000
0.86 0.0000
0.87 0.0000
0.88 0.0000
0.89 0.0000
0.90 0.0000
0.91 0.0000
0.92 0.0000
0.93 0.0000
0.94 0.0000
0.95 0.0000
0.96 0.0000
0.97 0.0000
0.98 0.0000
0.99 200.2895
1.00 200.2895
1.01 206.9040
1.02 207.6523
1.03 217.6302
1.04 217.6302
1.05 220.0000
1.06 221.5942
1.07 223.2000
1.08 225.6305
1.09 231.4050
1.10 233.0819
1.11 240.7794
1.12 242.5242
1.13 248.7311
1.14 249.6307
1.15 256.0195
1.16 259.7434
1.17 265.4310
1.18 266.3910
1.19 266.3910
1.20 278.1851
1.21 278.1851
1.22 291.5521
1.23 291.5521
1.24 291.5521
1.25 291.5521
1.26 291.5521
1.27 290.5014
1.28 290.5014
1.29 290.5014
1.30 290.5014
1.31 290.5014
1.32 291.5521
1.33 291.5521
1.34 292.6065
1.35 293.6648
1.36 293.6648
1.37 294.7269
1.38 294.7269
1.39 295.7928
1.40 296.8626
1.41 297.9362
1.42 299.0138
1.43 299.0138
1.44 299.0138
1.45 299.0138
1.46 299.0138
1.47 297.9362
1.48 297.9362
1.49 297.9362
1.50 297.9362
1.51 297.9362
1.52 296.8626
1.53 295.7928
1.54 294.7269
1.55 293.6648
1.56 293.6648
1.57 293.6648
1.58 293.6648
1.59 293.6648
1.60 293.6648
1.61 292.6065
1.62 291.5521
1.63 290.5014
1.64 288.4115
1.65 287.3721
1.66 287.3721
1.67 287.3721
1.68 291.5521
1.69 292.6065
1.70 294.7269
1.71 296.8626
1.72 297.9362
1.73 297.9362
1.74 299.0138
1.75 299.0138
1.76 299.0138
1.77 299.0138
1.78 299.0138
1.79 299.0138
1.80 299.0138
1.81 299.0138
1.82 299.0138
1.83 299.0138
1.84 297.9362
1.85 297.9362
1.86 297.9362
1.87 297.9362
1.88 297.9362
1.89 297.9362
1.90 297.9362
1.91 297.9362
1.92 297.9362
1.93 297.9362
1.94 297.9362
1.95 299.0138
1.96 299.0138
1.97 299.0138
1.98 297.9362
1.99 296.8626
2.00 0.0000
2.01 0.0000
2.02 0.0000
2.03 0.0000
2.04 0.0000
2.05 0.0000
2.06 0.0000
2.07 0.0000
2.08 0.0000
2.09 0.0000
2.10 0.0000
2.11 0.0000
2.12 0.0000
2.13 0.0000
2.14 0.0000
2.15 0.0000
2.16 0.0000
2.17 0.0000
2.18 0.0000
2.19 0.0000
2.20 0.0000
2.21 0.0000
2.22 0.0000
2.23 0.0000
2.24 0.0000
2.25 306.6664
2.26 306.6664
2.27 306.6664
2.28 306.6664
2.29 305.5613
2.30 304.4602
2.31 304.4602
2.32 303.3630
2.33 303.3630
2.34 303.3630
2.35 303.3630
2.36 303.3630
2.37 302.2698
2.38 302.2698
2.39 302.2698
2.40 301.1805
2.41 299.0138
2.42 299.0138
2.43 299.0138
2.44 299.0138
2.45 299.0138
2.46 299.0138
2.47 299.0138
2.48 299.0138
2.49 299.0138
2.50 299.0138
2.51 299.0138
2.52 0.0000
2.53 0.0000
2.54 0.0000
2.55 0.0000
2.56 0.0000
2.57 0.0000
2.58 0.0000
2.59 0.0000
2.60 0.0000
2.61 0.0000
2.62 0.0000
2.63 0.0000
2.64 0.0000
2.65 0.0000
2.66 0.0000
2.67 0.0000
2.68 0.0000
2.69 0.0000
2.70 0.0000
2.71 0.0000
2.72 0.0000
2.73 0.0000
2.74 0.0000
2.75 0.0000
2.76 0.0000
2.77 0.0000
2.78 271.2432
2.79 272.2242
2.80 273.2087
2.81 273.2087
2.82 273.2087
2.83 273.2087
2.84 272.2242
2.85 270.2657
2.86 269.2918
2.87 269.2918
2.88 268.3214
2.89 267.3544
2.90 266.3910
2.91 266.3910
2.92 266.3910
2.93 266.3910
2.94 266.3910
2.95 266.3910
2.96 266.3910
2.97 266.3910
2.98 267.3544
2.99 267.3544
3.00 267.3544
3.01 268.3214
3.02 268.3214
3.03 268.3214
3.04 268.3214
3.05 267.3544
3.06 266.3910
3.07 265.4310
3.08 260.6828
3.09 259.7434
3.10 0.0000
3.11 0.0000
3.12 0.0000
3.13 0.0000
3.14 0.0000
3.15 0.0000
3.16 0.0000
3.17 0.0000
3.18 0.0000
3.19 0.0000
3.20 0.0000
3.21 0.0000
3.22 0.0000
3.23 0.0000
3.24 0.0000
3.25 219.2072
3.26 219.2072
3.27 0.0000
3.28 0.0000
3.29 232.2419
3.30 233.0819
3.31 246.0518
3.32 246.0518
3.33 246.9417
3.34 246.9417
3.35 248.7311
3.36 248.7311
3.37 248.7311
3.38 248.7311
3.39 248.7311
3.40 248.7311
3.41 248.7311
3.42 248.7311
3.43 247.8348
3.44 245.1651
3.45 242.5242
3.46 239.9117
3.47 233.0819
3.48 220.0000
3.49 219.2072
3.50 218.4173
3.51 218.4173
3.52 218.4173
3.53 219.2072
3.54 219.2072
3.55 220.0000
3.56 220.0000
3.57 220.0000
3.58 220.0000
3.59 220.0000
3.60 220.7957
3.61 220.7957
3.62 220.7957
3.63 220.7957
3.64 220.7957
3.65 220.7957
3.66 220.7957
3.67 220.7957
3.68 220.7957
3.69 220.7957
3.70 221.5942
3.71 221.5942
3.72 222.3956
3.73 223.2000
3.74 224.0072
3.75 224.8174
3.76 224.8174
3.77 224.8174
3.78 224.8174
3.79 224.8174
3.80 224.0072
3.81 223.2000
3.82 222.3956
3.83 222.3956
3.84 221.5942
3.85 221.5942
3.86 221.5942
3.87 221.5942
3.88 221.5942
3.89 221.5942
3.90 222.3956
3.91 222.3956
3.92 222.3956
3.93 223.2000
3.94 224.0072
3.95 224.0072
3.96 224.0072
3.97 223.2000
3.98 222.3956
3.99 222.3956
4.00 221.5942
4.01 220.0000
4.02 218.4173
4.03 218.4173
4.04 218.4173
4.05 220.0000
4.06 220.7957
4.07 220.7957
4.08 220.7957
4.09 220.7957
4.10 0.0000
4.11 0.0000
4.12 0.0000
4.13 0.0000
4.14 0.0000
4.15 0.0000
4.16 0.0000
4.17 0.0000
4.18 0.0000
4.19 0.0000
4.20 0.0000
4.21 0.0000
4.22 0.0000
4.23 0.0000
4.24 0.0000
4.25 0.0000
4.26 0.0000
4.27 0.0000
4.28 0.0000
4.29 0.0000
4.30 0.0000
4.31 0.0000
4.32 0.0000
4.33 0.0000
4.34 0.0000
4.35 0.0000
4.36 0.0000
4.37 0.0000
4.38 0.0000
4.39 0.0000
4.40 0.0000
4.41 0.0000
4.42 0.0000
4.43 0.0000
4.44 0.0000
4.45 0.0000
4.46 0.0000
4.47 0.0000
4.48 0.0000
4.49 0.0000
4.50 0.0000
4.51 0.0000
4.52 0.0000
4.53 0.0000
4.54 0.0000
4.55 0.0000
4.56 0.0000
4.57 0.0000
4.58 0.0000
4.59 0.0000
4.60 0.0000
4.61 0.0000
4.62 207.6523
4.63 209.1571
4.64 211.4347
4.65 212.9668
4.66 212.9668
4.67 213.7370
4.68 214.5100
4.69 215.2859
4.70 216.0645
4.71 216.8459
4.72 216.8459
4.73 216.8459
4.74 216.8459
4.75 212.1993
4.76 208.4034
4.77 0.0000
4.78 0.0000
4.79 0.0000
4.80 0.0000
4.81 0.0000
4.82 0.0000
4.83 0.0000
4.84 0.0000
4.85 0.0000
4.86 0.0000
4.87 0.0000
4.88 0.0000
4.89 0.0000
4.90 0.0000
4.91 0.0000
4.92 0.0000
4.93 0.0000
4.94 0.0000
4.95 0.0000
4.96 195.9977
4.97 195.9977
4.98 195.9977
4.99 195.9977
5.00 195.9977
5.01 195.9977
5.02 196.7066
5.03 198.1320
5.04 198.8486
5.05 198.8486
5.06 198.8486
5.07 199.5677
5.08 199.5677
5.09 199.5677
5.10 198.8486
5.11 198.8486
5.12 198.1320
5.13 198.1320
5.14 197.4180
5.15 196.7066
5.16 195.9977
5.17 195.2914
5.18 195.2914
5.19 195.2914
5.20 195.9977
5.21 195.9977
5.22 195.9977
5.23 196.7066
5.24 198.1320
5.25 198.1320
5.26 198.1320
5.27 0.0000
5.28 0.0000
5.29 0.0000
5.30 0.0000
5.31 0.0000
5.32 0.0000
5.33 0.0000
5.34 0.0000
5.35 0.0000
5.36 0.0000
5.37 0.0000
5.38 0.0000
5.39 0.0000
5.40 0.0000
5.41 0.0000
5.42 0.0000
5.43 0.0000
5.44 0.0000
5.45 0.0000
5.46 0.0000
5.47 0.0000
5.48 0.0000
5.49 0.0000
5.50 0.0000
5.51 0.0000
5.52 0.0000
5.53 0.0000
5.54 0.0000
5.55 0.0000
5.56 0.0000
5.57 0.0000
5.58 0.0000
5.59 0.0000
5.60 0.0000
5.61 0.0000
5.62 0.0000
5.63 0.0000
5.64 0.0000
5.65 0.0000
5.66 0.0000
5.67 0.0000
5.68 0.0000
5.69 0.0000
5.70 0.0000
5.71 0.0000
5.72 0.0000
5.73 0.0000
5.74 0.0000
5.75 0.0000
5.76 0.0000
5.77 0.0000
5.78 0.0000
5.79 0.0000
5.80 0.0000
5.81 0.0000
5.82 0.0000
5.83 0.0000
5.84 0.0000
5.85 0.0000
5.86 0.0000
5.87 0.0000
5.88 0.0000
5.89 0.0000
5.90 0.0000
5.91 0.0000
5.92 0.0000
5.93 0.0000
5.94 0.0000
5.95 0.0000
5.96 0.0000
5.97 0.0000
5.98 0.0000
5.99 0.0000
6.00 0.0000
6.01 0.0000
6.02 0.0000
6.03 0.0000
6.04 0.0000
6.05 0.0000
6.06 0.0000
6.07 0.0000
6.08 0.0000
6.09 0.0000
6.10 0.0000
6.11 0.0000
6.12 0.0000
6.13 0.0000
6.14 0.0000
6.15 0.0000
6.16 0.0000
6.17 0.0000
6.18 0.0000
6.19 0.0000
6.20 0.0000
6.21 0.0000
6.22 0.0000
6.23 0.0000
6.24 0.0000
6.25 0.0000
6.26 0.0000
6.27 0.0000
6.28 0.0000
6.29 0.0000
6.30 0.0000
6.31 0.0000
6.32 0.0000
6.33 0.0000
6.34 0.0000
6.35 0.0000
6.36 0.0000
6.37 0.0000
6.38 0.0000
6.39 0.0000
6.40 0.0000
6.41 0.0000
6.42 0.0000
6.43 0.0000
6.44 0.0000
6.45 0.0000
6.46 0.0000
6.47 0.0000
6.48 0.0000
6.49 0.0000
6.50 0.0000
6.51 0.0000
6.52 0.0000
6.53 0.0000
6.54 0.0000
6.55 0.0000
6.56 0.0000
6.57 0.0000
6.58 0.0000
6.59 0.0000
6.60 0.0000
6.61 0.0000
6.62 0.0000
6.63 0.0000
6.64 0.0000
6.65 0.0000
6.66 0.0000
6.67 0.0000
6.68 0.0000
6.69 0.0000
6.70 0.0000
6.71 0.0000
6.72 0.0000
6.73 0.0000
6.74 0.0000
6.75 0.0000
6.76 0.0000
6.77 0.0000
6.78 0.0000
6.79 0.0000
6.80 0.0000
6.81 0.0000
6.82 0.0000
6.83 0.0000
6.84 0.0000
6.85 0.0000
6.86 0.0000
6.87 0.0000
6.88 0.0000
6.89 0.0000
6.90 0.0000
6.91 0.0000
6.92 0.0000
6.93 0.0000
6.94 0.0000
6.95 0.0000
6.96 0.0000
6.97 0.0000
6.98 0.0000
6.99 0.0000
7.00 0.0000
7.01 0.0000
7.02 0.0000
7.03 0.0000
7.04 0.0000
7.05 0.0000
7.06 0.0000
7.07 0.0000
7.08 0.0000
7.09 0.0000
7.10 0.0000
7.11 0.0000
7.12 0.0000
7.13 0.0000
7.14 0.0000
7.15 0.0000
7.16 0.0000
7.17 0.0000
7.18 0.0000
7.19 0.0000
7.20 0.0000
7.21 0.0000
7.22 0.0000
7.23 0.0000
7.24 0.0000
7.25 0.0000
7.26 0.0000
7.27 0.0000
7.28 0.0000
7.29 0.0000
7.30 0.0000
7.31 0.0000
7.32 0.0000
7.33 0.0000
7.34 0.0000
7.35 0.0000
7.36 0.0000
7.37 0.0000
7.38 0.0000
7.39 0.0000
7.40 0.0000
7.41 0.0000
7.42 0.0000
7.43 0.0000
7.44 0.0000
7.45 0.0000
7.46 0.0000
7.47 0.0000
7.48 0.0000
7.49 0.0000
7.50 0.0000
7.51 0.0000
7.52 0.0000
7.53 0.0000
7.54 0.0000
7.55 0.0000
7.56 0.0000
7.57 0.0000
7.58 0.0000
7.59 0.0000
7.60 0.0000
7.61 0.0000
7.62 0.0000
7.63 0.0000
7.64 0.0000
7.65 0.0000
7.66 0.0000
7.67 0.0000
7.68 0.0000
7.69 0.0000
7.70 0.0000
7.71 0.0000
7.72 0.0000
7.73 0.0000
7.74 0.0000
7.75 0.0000
7.76 0.0000
7.77 0.0000
7.78 0.0000
7.79 0.0000
7.80 0.0000
7.81 0.0000
7.82 0.0000
7.83 0.0000
7.84 0.0000
7.85 0.0000
7.86 0.0000
7.87 0.0000
7.88 0.0000
7.89 0.0000
7.90 0.0000
7.91 0.0000
7.92 0.0000
7.93 0.0000
7.94 0.0000
7.95 0.0000
7.96 0.0000
7.97 0.0000
7.98 0.0000
7.99 0.0000
8.00 0.0000
8.01 0.0000
8.02 0.0000
8.03 0.0000
8.04 0.0000
8.05 0.0000
8.06 0.0000
8.07 0.0000
8.08 0.0000
8.09 0.0000
8.10 0.0000
8.11 0.0000
8.12 0.0000
8.13 0.0000
8.14 0.0000
8.15 0.0000
8.16 0.0000
8.17 0.0000
8.18 0.0000
8.19 0.0000
8.20 0.0000
8.21 0.0000
8.22 0.0000
8.23 0.0000
8.24 0.0000
8.25 0.0000
8.26 0.0000
8.27 0.0000
8.28 0.0000
8.29 0.0000
8.30 0.0000
8.31 0.0000
8.32 0.0000
8.33 0.0000
8.34 0.0000
8.35 0.0000
8.36 0.0000
8.37 0.0000
8.38 0.0000
8.39 0.0000
8.40 0.0000
8.41 0.0000
8.42 0.0000
8.43 0.0000
8.44 0.0000
8.45 0.0000
8.46 0.0000
8.47 0.0000
8.48 0.0000
8.49 0.0000
8.50 0.0000
8.51 0.0000
8.52 0.0000
8.53 0.0000
8.54 0.0000
8.55 0.0000
8.56 0.0000
8.57 0.0000
8.58 0.0000
8.59 0.0000
8.60 0.0000
8.61 0.0000
8.62 0.0000
8.63 0.0000
8.64 0.0000
8.65 0.0000
8.66 0.0000
8.67 0.0000
8.68 0.0000
8.69 0.0000
8.70 0.0000
8.71 0.0000
8.72 0.0000
8.73 0.0000
8.74 0.0000
8.75 0.0000
8.76 0.0000
8.77 0.0000
8.78 0.0000
8.79 0.0000
8.80 0.0000
8.81 0.0000
8.82 0.0000
8.83 0.0000
8.84 0.0000
8.85 0.0000
8.86 0.0000
8.87 0.0000
8.88 0.0000
8.89 0.0000
8.90 0.0000
8.91 0.0000
8.92 0.0000
8.93 0.0000
8.94 0.0000
8.95 0.0000
8.96 0.0000
8.97 0.0000
8.98 0.0000
8.99 0.0000
9.00 0.0000
9.01 0.0000
9.02 0.0000
9.03 0.0000
9.04 0.0000
9.05 0.0000
9.06 0.0000
9.07 0.0000
9.08 0.0000
9.09 0.0000
9.10 0.0000
9.11 0.0000
9.12 0.0000
9.13 0.0000
9.14 0.0000
9.15 0.0000
9.16 0.0000
9.17 0.0000
9.18 0.0000
9.19 0.0000
9.20 0.0000
9.21 0.0000
9.22 0.0000
9.23 0.0000
9.24 0.0000
9.25 0.0000
9.26 0.0000
9.27 0.0000
9.28 0.0000
9.29 0.0000
9.30 0.0000
9.31 0.0000
9.32 0.0000
9.33 0.0000
9.34 0.0000
9.35 0.0000
9.36 0.0000
9.37 219.2072
9.38 219.2072
9.39 222.3956
9.40 232.2419
9.41 233.0819
9.42 240.7794
9.43 243.4013
9.44 248.7311
9.45 249.6307
9.46 254.1776
9.47 256.9454
9.48 258.8073
9.49 260.6828
9.50 261.6256
9.51 262.5718
9.52 265.4310
9.53 271.2432
9.54 272.2242
9.55 278.1851
9.56 278.1851
9.57 291.5521
9.58 297.9362
9.59 297.9362
9.60 299.0138
9.61 302.2698
9.62 302.2698
9.63 303.3630
9.64 303.3630
9.65 303.3630
9.66 303.3630
9.67 303.3630
9.68 303.3630
9.69 303.3630
9.70 303.3630
9.71 303.3630
9.72 303.3630
9.73 302.2698
9.74 302.2698
9.75 302.2698
9.76 302.2698
9.77 302.2698
9.78 302.2698
9.79 302.2698
9.80 302.2698
9.81 302.2698
9.82 302.2698
9.83 302.2698
9.84 301.1805
9.85 300.0952
9.86 299.0138
9.87 299.0138
9.88 299.0138
9.89 297.9362
9.90 297.9362
9.91 296.8626
9.92 293.6648
9.93 293.6648
9.94 293.6648
9.95 293.6648
9.96 293.6648
9.97 294.7269
9.98 295.7928
9.99 295.7928
10.00 295.7928
10.01 294.7269
10.02 292.6065
10.03 291.5521
10.04 291.5521
10.05 291.5521
10.06 291.5521
10.07 291.5521
10.08 292.6065
10.09 297.9362
10.10 299.0138
10.11 300.0952
10.12 300.0952
10.13 300.0952
10.14 300.0952
10.15 300.0952
10.16 300.0952
10.17 299.0138
10.18 299.0138
10.19 299.0138
10.20 299.0138
10.21 299.0138
10.22 299.0138
10.23 299.0138
10.24 299.0138
10.25 299.0138
10.26 299.0138
10.27 300.0952
10.28 300.0952
10.29 300.0952
10.30 301.1805
10.31 301.1805
10.32 301.1805
10.33 300.0952
10.34 299.0138
10.35 0.0000
10.36 0.0000
10.37 0.0000
10.38 0.0000
10.39 0.0000
10.40 0.0000
10.41 0.0000
10.42 0.0000
10.43 0.0000
10.44 0.0000
10.45 0.0000
10.46 0.0000
10.47 0.0000
10.48 0.0000
10.49 0.0000
10.50 0.0000
10.51 0.0000
10.52 0.0000
10.53 0.0000
10.54 0.0000
10.55 0.0000
10.56 0.0000
10.57 0.0000
10.58 0.0000
10.59 302.2698
10.60 302.2698
10.61 302.2698
10.62 302.2698
10.63 300.0952
10.64 299.0138
10.65 293.6648
10.66 291.5521
10.67 290.5014
10.68 290.5014
10.69 290.5014
10.70 290.5014
10.71 290.5014
10.72 290.5014
10.73 291.5521
10.74 291.5521
10.75 291.5521
10.76 291.5521
10.77 290.5014
10.78 290.5014
10.79 289.4546
10.80 288.4115
10.81 278.1851
10.82 259.7434
10.83 248.7311
10.84 240.7794
10.85 233.9249
10.86 233.0819
10.87 233.0819
10.88 233.9249
10.89 239.9117
10.90 242.5242
10.91 249.6307
10.92 254.1776
10.93 255.0969
10.94 256.9454
10.95 256.9454
10.96 256.9454
10.97 256.9454
10.98 256.9454
10.99 256.9454
11.00 256.9454
11.01 255.0969
11.02 255.0969
11.03 255.0969
11.04 255.0969
11.05 256.0195
11.06 256.9454
11.07 256.9454
11.08 258.8073
11.09 258.8073
11.10 259.7434
11.11 260.6828
11.12 261.6256
11.13 261.6256
11.14 261.6256
11.15 261.6256
11.16 261.6256
11.17 261.6256
11.18 260.6828
11.19 259.7434
11.20 258.8073
11.21 258.8073
11.22 257.8747
11.23 257.8747
11.24 256.9454
11.25 256.9454
11.26 256.9454
11.27 256.9454
11.28 256.9454
11.29 257.8747
11.30 258.8073
11.31 259.7434
11.32 259.7434
11.33 259.7434
11.34 259.7434
11.35 259.7434
11.36 259.7434
11.37 259.7434
11.38 259.7434
11.39 0.0000
11.40 0.0000
11.41 0.0000
11.42 0.0000
11.43 0.0000
11.44 0.0000
11.45 0.0000
11.46 0.0000
11.47 0.0000
11.48 0.0000
11.49 0.0000
11.50 0.0000
11.51 0.0000
11.52 0.0000
11.53 0.0000
11.54 0.0000
11.55 0.0000
11.56 0.0000
11.57 0.0000
11.58 0.0000
11.59 0.0000
11.60 0.0000
11.61 0.0000
11.62 0.0000
11.63 0.0000
11.64 0.0000
11.65 221.5942
11.66 221.5942
11.67 221.5942
11.68 221.5942
11.69 220.7957
11.70 220.7957
11.71 219.2072
11.72 217.6302
11.73 217.6302
11.74 217.6302
11.75 217.6302
11.76 220.0000
11.77 221.5942
11.78 222.3956
11.79 225.6305
11.80 233.0819
11.81 239.9117
11.82 242.5242
11.83 248.7311
11.84 249.6307
11.85 250.5335
11.86 250.5335
11.87 250.5335
11.88 249.6307
11.89 248.7311
11.90 246.0518
11.91 244.2816
11.92 244.2816
11.93 244.2816
11.94 244.2816
11.95 244.2816
11.96 246.0518
11.97 246.0518
11.98 246.0518
11.99 246.0518
12.00 244.2816
12.01 242.5242
12.02 240.7794
12.03 0.0000
12.04 0.0000
12.05 0.0000
12.06 0.0000
12.07 0.0000
12.08 0.0000
12.09 0.0000
12.10 0.0000
12.11 0.0000
12.12 0.0000
12.13 0.0000
12.14 0.0000
12.15 0.0000
12.16 220.0000
12.17 221.5942
12.18 222.3956
12.19 222.3956
12.20 222.3956
12.21 222.3956
12.22 222.3956
12.23 221.5942
12.24 220.7957
12.25 220.7957
12.26 220.7957
12.27 220.0000
12.28 220.0000
12.29 220.0000
12.30 220.0000
12.31 220.0000
12.32 220.0000
12.33 220.0000
12.34 220.7957
12.35 220.7957
12.36 221.5942
12.37 221.5942
12.38 221.5942
12.39 221.5942
12.40 220.7957
12.41 220.7957
12.42 220.0000
12.43 219.2072
12.44 219.2072
12.45 219.2072
12.46 220.7957
12.47 221.5942
12.48 221.5942
12.49 221.5942
12.50 221.5942
12.51 221.5942
12.52 221.5942
12.53 221.5942
12.54 221.5942
12.55 222.3956
12.56 222.3956
12.57 222.3956
12.58 222.3956
12.59 221.5942
12.60 221.5942
12.61 220.7957
12.62 220.7957
12.63 0.0000
12.64 0.0000
12.65 0.0000
12.66 0.0000
12.67 0.0000
12.68 0.0000
12.69 192.4916
12.70 192.4916
12.71 192.4916
12.72 192.4916
12.73 192.4916
12.74 191.7979
12.75 191.7979
12.76 191.7979
12.77 192.4916
12.78 192.4916
12.79 192.4916
12.80 192.4916
12.81 193.1877
12.82 193.1877
12.83 193.8864
12.84 193.8864
12.85 193.8864
12.86 193.8864
12.87 193.8864
12.88 193.8864
12.89 193.8864
12.90 193.8864
12.91 193.8864
12.92 193.1877
12.93 192.4916
12.94 192.4916
12.95 192.4916
12.96 192.4916
12.97 192.4916
12.98 192.4916
12.99 192.4916
13.00 192.4916
13.01 193.1877
13.02 193.1877
13.03 193.8864
13.04 194.5877
13.05 194.5877
13.06 194.5877
13.07 194.5877
13.08 194.5877
13.09 195.2914
13.10 195.9977
13.11 195.9977
13.12 195.9977
13.13 196.7066
13.14 196.7066
13.15 196.7066
13.16 196.7066
13.17 196.7066
13.18 196.7066
13.19 195.9977
13.20 195.9977
13.21 195.2914
13.22 195.2914
13.23 194.5877
13.24 193.1877
13.25 193.1877
13.26 193.1877
13.27 193.1877
13.28 193.8864
13.29 194.5877
13.30 195.2914
13.31 196.7066
13.32 198.8486
13.33 198.8486
13.34 198.8486
13.35 198.8486
13.36 198.1320
13.37 195.9977
13.38 195.2914
13.39 194.5877
13.40 194.5877
13.41 194.5877
13.42 194.5877
13.43 194.5877
13.44 0.0000
13.45 0.0000
13.46 0.0000
13.47 0.0000
13.48 0.0000
13.49 0.0000
13.50 0.0000
13.51 0.0000
13.52 0.0000
13.53 0.0000
13.54 0.0000
13.55 0.0000
13.56 0.0000
13.57 0.0000
13.58 0.0000
13.59 0.0000
13.60 0.0000
13.61 0.0000
13.62 0.0000
13.63 0.0000
13.64 0.0000
13.65 0.0000
13.66 0.0000
13.67 0.0000
13.68 0.0000
13.69 0.0000
13.70 0.0000
13.71 0.0000
13.72 0.0000
13.73 0.0000
13.74 0.0000
13.75 0.0000
13.76 0.0000
13.77 0.0000
13.78 0.0000
13.79 0.0000
13.80 0.0000
13.81 0.0000
13.82 0.0000
13.83 0.0000
13.84 0.0000
13.85 0.0000
13.86 0.0000
13.87 0.0000
13.88 0.0000
13.89 0.0000
13.90 0.0000
13.91 0.0000
13.92 0.0000
13.93 0.0000
13.94 0.0000
13.95 0.0000
13.96 0.0000
13.97 0.0000
13.98 0.0000
13.99 0.0000
14.00 0.0000
14.01 0.0000
14.02 0.0000
14.03 0.0000
14.04 0.0000
14.05 0.0000
14.06 0.0000
14.07 0.0000
14.08 0.0000
14.09 0.0000
14.10 0.0000
14.11 0.0000
14.12 0.0000
14.13 0.0000
14.14 0.0000
14.15 0.0000
14.16 0.0000
14.17 0.0000
14.18 0.0000
14.19 0.0000
14.20 0.0000
14.21 0.0000
14.22 0.0000
14.23 0.0000
14.24 0.0000
14.25 0.0000
14.26 0.0000
14.27 0.0000
14.28 0.0000
14.29 0.0000
14.30 0.0000
14.31 0.0000
14.32 0.0000
14.33 0.0000
14.34 0.0000
14.35 0.0000
14.36 0.0000
14.37 0.0000
14.38 0.0000
14.39 0.0000
14.40 0.0000
14.41 0.0000
14.42 0.0000
14.43 0.0000
14.44 0.0000
14.45 0.0000
14.46 0.0000
14.47 0.0000
14.48 0.0000
14.49 0.0000
14.50 0.0000
14.51 0.0000
14.52 0.0000
14.53 0.0000
14.54 0.0000
14.55 0.0000
14.56 0.0000
14.57 0.0000
14.58 0.0000
14.59 0.0000
14.60 0.0000
14.61 0.0000
14.62 0.0000
14.63 0.0000
14.64 0.0000
14.65 0.0000
14.66 0.0000
14.67 0.0000
14.68 0.0000
14.69 0.0000
14.70 0.0000
14.71 0.0000
14.72 0.0000
14.73 0.0000
14.74 0.0000
14.75 0.0000
14.76 0.0000
14.77 0.0000
14.78 0.0000
14.79 0.0000
14.80 0.0000
14.81 192.4916
14.82 192.4916
14.83 192.4916
14.84 189.7318
14.85 189.0481
14.86 187.0117
14.87 187.0117
14.88 187.0117
14.89 187.0117
14.90 187.0117
14.91 187.0117
14.92 187.6881
14.93 188.3669
14.94 189.0481
14.95 189.0481
14.96 189.7318
14.97 189.7318
14.98 189.7318
14.99 189.7318
15.00 189.7318
15.01 189.7318
15.02 189.7318
15.03 189.7318
15.04 189.0481
15.05 189.0481
15.06 189.0481
15.07 189.0481
15.08 189.7318
15.09 189.7318
15.10 189.7318
15.11 190.4180
15.12 191.1067
15.13 191.1067
15.14 191.7979
15.15 191.7979
15.16 191.7979
15.17 191.7979
15.18 191.7979
15.19 0.0000
15.20 0.0000
15.21 0.0000
15.22 0.0000
15.23 0.0000
15.24 0.0000
15.25 0.0000
15.26 0.0000
15.27 0.0000
15.28 0.0000
15.29 0.0000
15.30 0.0000
15.31 0.0000
15.32 0.0000
15.33 0.0000
15.34 0.0000
15.35 0.0000
15.36 0.0000
15.37 0.0000
15.38 0.0000
15.39 0.0000
15.40 0.0000
15.41 0.0000
15.42 0.0000
15.43 0.0000
15.44 0.0000
15.45 0.0000
15.46 0.0000
15.47 0.0000
15.48 0.0000
15.49 0.0000
15.50 0.0000
15.51 0.0000
15.52 0.0000
15.53 0.0000
15.54 0.0000
15.55 0.0000
15.56 0.0000
15.57 0.0000
15.58 0.0000
15.59 0.0000
15.60 0.0000
15.61 0.0000
15.62 0.0000
15.63 0.0000
15.64 0.0000
15.65 0.0000
15.66 0.0000
15.67 0.0000
15.68 0.0000
15.69 0.0000
15.70 0.0000
15.71 0.0000
15.72 0.0000
15.73 0.0000
15.74 0.0000
15.75 0.0000
15.76 0.0000
15.77 0.0000
15.78 0.0000
15.79 0.0000
15.80 0.0000
15.81 0.0000
15.82 0.0000
15.83 0.0000
15.84 0.0000
15.85 0.0000
15.86 0.0000
15.87 0.0000
15.88 0.0000
15.89 0.0000
15.90 0.0000
15.91 0.0000
15.92 0.0000
15.93 0.0000
15.94 0.0000
15.95 0.0000
15.96 0.0000
15.97 0.0000
15.98 0.0000
15.99 0.0000
16.00 0.0000
16.01 0.0000
16.02 0.0000
16.03 0.0000
16.04 0.0000
16.05 0.0000
16.06 0.0000
16.07 0.0000
16.08 0.0000
16.09 0.0000
16.10 0.0000
16.11 0.0000
16.12 0.0000
16.13 0.0000
16.14 0.0000
16.15 0.0000
16.16 0.0000
16.17 0.0000
16.18 0.0000
16.19 0.0000
16.20 0.0000
16.21 0.0000
16.22 0.0000
16.23 0.0000
16.24 0.0000
16.25 0.0000
16.26 0.0000
16.27 0.0000
16.28 0.0000
16.29 0.0000
16.30 0.0000
16.31 0.0000
16.32 0.0000
16.33 0.0000
16.34 0.0000
16.35 0.0000
16.36 0.0000
16.37 0.0000
16.38 0.0000
16.39 0.0000
16.40 0.0000
16.41 0.0000
16.42 0.0000
16.43 0.0000
16.44 0.0000
16.45 0.0000
16.46 0.0000
16.47 0.0000
16.48 0.0000
16.49 0.0000
16.50 0.0000
16.51 0.0000
16.52 0.0000
16.53 0.0000
16.54 0.0000
16.55 0.0000
16.56 0.0000
16.57 0.0000
16.58 0.0000
16.59 0.0000
16.60 0.0000
16.61 0.0000
16.62 0.0000
16.63 0.0000
16.64 0.0000
16.65 0.0000
16.66 0.0000
16.67 0.0000
16.68 0.0000
16.69 0.0000
16.70 0.0000
16.71 0.0000
16.72 0.0000
16.73 0.0000
16.74 0.0000
16.75 0.0000
16.76 0.0000
16.77 0.0000
16.78 0.0000
16.79 0.0000
16.80 0.0000
16.81 0.0000
16.82 0.0000
16.83 0.0000
16.84 0.0000
16.85 0.0000
16.86 0.0000
16.87 0.0000
16.88 0.0000
16.89 0.0000
16.90 0.0000
16.91 0.0000
16.92 0.0000
16.93 0.0000
16.94 0.0000
16.95 0.0000
16.96 0.0000
16.97 0.0000
16.98 0.0000
16.99 0.0000
17.00 0.0000
17.01 0.0000
17.02 0.0000
17.03 0.0000
17.04 0.0000
17.05 0.0000
17.06 0.0000
17.07 0.0000
17.08 0.0000
17.09 0.0000
17.10 0.0000
17.11 0.0000
17.12 0.0000
17.13 0.0000
17.14 0.0000
17.15 0.0000
17.16 0.0000
17.17 0.0000
17.18 0.0000
17.19 0.0000
17.20 0.0000
17.21 0.0000
17.22 0.0000
17.23 0.0000
17.24 0.0000
17.25 0.0000
17.26 0.0000
17.27 0.0000
17.28 0.0000
17.29 0.0000
17.30 0.0000
17.31 0.0000
17.32 0.0000
17.33 0.0000
17.34 0.0000
17.35 0.0000
17.36 0.0000
17.37 0.0000
17.38 0.0000
17.39 0.0000
17.40 0.0000
17.41 0.0000
17.42 0.0000
17.43 0.0000
17.44 0.0000
17.45 0.0000
17.46 0.0000
17.47 0.0000
17.48 0.0000
17.49 0.0000
17.50 0.0000
17.51 0.0000
17.52 0.0000
17.53 0.0000
17.54 0.0000
17.55 0.0000
17.56 0.0000
17.57 0.0000
17.58 0.0000
17.59 0.0000
17.60 0.0000
17.61 0.0000
17.62 0.0000
17.63 0.0000
17.64 0.0000
17.65 0.0000
17.66 0.0000
17.67 0.0000
17.68 0.0000
17.69 0.0000
17.70 0.0000
17.71 0.0000
17.72 0.0000
17.73 0.0000
17.74 0.0000
17.75 0.0000
17.76 0.0000
17.77 0.0000
17.78 0.0000
17.79 0.0000
17.80 0.0000
17.81 0.0000
17.82 0.0000
17.83 0.0000
17.84 0.0000
17.85 0.0000
17.86 0.0000
17.87 0.0000
17.88 0.0000
17.89 0.0000
17.90 0.0000
17.91 0.0000
17.92 0.0000
17.93 0.0000
17.94 0.0000
17.95 184.3305
17.96 184.3305
17.97 184.3305
17.98 0.0000
17.99 0.0000
18.00 0.0000
18.01 0.0000
18.02 0.0000
18.03 0.0000
18.04 0.0000
18.05 0.0000
18.06 0.0000
18.07 0.0000
18.08 0.0000
18.09 0.0000
18.10 0.0000
18.11 0.0000
18.12 0.0000
18.13 0.0000
18.14 0.0000
18.15 303.3630
18.16 303.3630
18.17 303.3630
18.18 303.3630
18.19 299.0138
18.20 291.5521
18.21 290.5014
18.22 0.0000
18.23 0.0000
18.24 0.0000
18.25 0.0000
18.26 0.0000
18.27 0.0000
18.28 0.0000
18.29 0.0000
18.30 0.0000
18.31 0.0000
18.32 0.0000
18.33 0.0000
18.34 0.0000
18.35 0.0000
18.36 0.0000
18.37 0.0000
18.38 0.0000
18.39 0.0000
18.40 0.0000
18.41 287.3721
18.42 287.3721
18.43 287.3721
18.44 288.4115
18.45 289.4546
18.46 290.5014
18.47 291.5521
18.48 291.5521
18.49 293.6648
18.50 294.7269
18.51 294.7269
18.52 295.7928
18.53 295.7928
18.54 295.7928
18.55 294.7269
18.56 294.7269
18.57 294.7269
18.58 294.7269
18.59 293.6648
18.60 293.6648
18.61 293.6648
18.62 293.6648
18.63 293.6648
18.64 293.6648
18.65 293.6648
18.66 293.6648
18.67 293.6648
18.68 294.7269
18.69 295.7928
18.70 295.7928
18.71 295.7928
18.72 294.7269
18.73 294.7269
18.74 293.6648
18.75 292.6065
18.76 292.6065
18.77 292.6065
18.78 292.6065
18.79 292.6065
18.80 292.6065
18.81 292.6065
18.82 292.6065
18.83 0.0000
18.84 0.0000
18.85 0.0000
18.86 0.0000
18.87 0.0000
18.88 0.0000
18.89 0.0000
18.90 0.0000
18.91 0.0000
18.92 0.0000
18.93 0.0000
18.94 0.0000
18.95 0.0000
18.96 0.0000
18.97 0.0000
18.98 0.0000
18.99 0.0000
19.00 278.1851
19.01 283.2521
19.02 287.3721
19.03 288.4115
19.04 291.5521
19.05 293.6648
19.06 294.7269
19.07 295.7928
19.08 296.8626
19.09 297.9362
19.10 299.0138
19.11 300.0952
19.12 302.2698
19.13 303.3630
19.14 304.4602
19.15 304.4602
19.16 304.4602
19.17 304.4602
19.18 304.4602
19.19 303.3630
19.20 303.3630
19.21 303.3630
19.22 300.0952
19.23 300.0952
19.24 299.0138
19.25 299.0138
19.26 299.0138
19.27 297.9362
19.28 297.9362
19.29 296.8626
19.30 296.8626
19.31 296.8626
19.32 296.8626
19.33 296.8626
19.34 296.8626
19.35 296.8626
19.36 296.8626
19.37 295.7928
19.38 293.6648
19.39 292.6065
19.40 292.6065
19.41 291.5521
19.42 291.5521
19.43 290.5014
19.44 290.5014
19.45 289.4546
19.46 288.4115
19.47 0.0000
19.48 0.0000
19.49 0.0000
19.50 0.0000
19.51 0.0000
19.52 0.0000
19.53 0.0000
19.54 0.0000
19.55 0.0000
19.56 0.0000
19.57 0.0000
19.58 0.0000
19.59 0.0000
19.60 0.0000
19.61 0.0000
19.62 0.0000
19.63 0.0000
19.64 0.0000
19.65 0.0000
19.66 0.0000
19.67 0.0000
19.68 0.0000
19.69 0.0000
19.70 0.0000
19.71 0.0000
19.72 0.0000
19.73 0.0000
19.74 0.0000
19.75 0.0000
19.76 0.0000
19.77 0.0000
19.78 0.0000
19.79 0.0000
19.80 0.0000
19.81 0.0000
19.82 0.0000
19.83 0.0000
19.84 0.0000
19.85 0.0000
19.86 0.0000
19.87 0.0000
19.88 0.0000
19.89 0.0000
19.90 0.0000
19.91 0.0000
19.92 0.0000
19.93 0.0000
19.94 0.0000
19.95 0.0000
19.96 0.0000
19.97 0.0000
19.98 0.0000
19.99 0.0000
20.00 0.0000
20.01 0.0000
20.02 0.0000
20.03 0.0000
20.04 0.0000
20.05 0.0000
20.06 0.0000
20.07 0.0000
20.08 0.0000
20.09 0.0000
20.10 0.0000
20.11 0.0000
20.12 0.0000
20.13 0.0000
20.14 0.0000
20.15 0.0000
20.16 0.0000
20.17 0.0000
20.18 0.0000
20.19 0.0000
20.20 0.0000
20.21 0.0000
20.22 0.0000
20.23 0.0000
20.24 0.0000
20.25 0.0000
20.26 0.0000
20.27 0.0000
20.28 0.0000
20.29 0.0000
20.30 0.0000
20.31 0.0000
20.32 0.0000
20.33 0.0000
20.34 0.0000
20.35 0.0000
20.36 0.0000
20.37 0.0000
20.38 0.0000
20.39 0.0000
20.40 0.0000
20.41 0.0000
20.42 0.0000
20.43 0.0000
20.44 0.0000
20.45 0.0000
20.46 0.0000
20.47 0.0000
20.48 0.0000
20.49 0.0000
20.50 0.0000
20.51 0.0000
20.52 0.0000
20.53 0.0000
20.54 0.0000
20.55 0.0000
20.56 0.0000
20.57 0.0000
20.58 0.0000
20.59 0.0000
20.60 0.0000
20.61 0.0000
20.62 0.0000
20.63 0.0000
20.64 0.0000
20.65 0.0000
20.66 0.0000
20.67 0.0000
20.68 0.0000
20.69 0.0000
20.70 0.0000
20.71 0.0000
20.72 0.0000
20.73 0.0000
20.74 0.0000
20.75 0.0000
20.76 0.0000
20.77 0.0000
20.78 0.0000
20.79 0.0000
20.80 0.0000
20.81 0.0000
20.82 0.0000
20.83 0.0000
20.84 0.0000
20.85 0.0000
20.86 0.0000
20.87 0.0000
20.88 0.0000
20.89 0.0000
20.90 0.0000
20.91 0.0000
20.92 0.0000
20.93 0.0000
20.94 0.0000
20.95 0.0000
20.96 0.0000
20.97 0.0000
20.98 0.0000
20.99 0.0000
21.00 0.0000
21.01 0.0000
21.02 0.0000
21.03 0.0000
21.04 0.0000
21.05 0.0000
21.06 0.0000
21.07 0.0000
21.08 0.0000
21.09 0.0000
21.10 0.0000
21.11 0.0000
21.12 0.0000
21.13 0.0000
21.14 0.0000
21.15 0.0000
21.16 0.0000
21.17 0.0000
21.18 0.0000
21.19 0.0000
21.20 0.0000
21.21 0.0000
21.22 0.0000
21.23 0.0000
21.24 0.0000
21.25 0.0000
21.26 0.0000
21.27 0.0000
21.28 0.0000
21.29 0.0000
21.30 0.0000
21.31 0.0000
21.32 0.0000
21.33 0.0000
21.34 0.0000
21.35 0.0000
21.36 0.0000
21.37 0.0000
21.38 0.0000
21.39 0.0000
21.40 0.0000
21.41 0.0000
21.42 0.0000
21.43 0.0000
21.44 0.0000
21.45 0.0000
21.46 0.0000
21.47 0.0000
21.48 0.0000
21.49 0.0000
21.50 0.0000
21.51 0.0000
21.52 0.0000
21.53 0.0000
21.54 0.0000
21.55 0.0000
21.56 0.0000
21.57 0.0000
21.58 0.0000
21.59 0.0000
21.60 0.0000
21.61 0.0000
21.62 0.0000
21.63 0.0000
21.64 0.0000
21.65 0.0000
21.66 0.0000
21.67 0.0000
21.68 0.0000
21.69 0.0000
21.70 0.0000
21.71 0.0000
21.72 0.0000
21.73 0.0000
21.74 0.0000
21.75 0.0000
21.76 0.0000
21.77 0.0000
21.78 0.0000
21.79 0.0000
21.80 0.0000
21.81 0.0000
21.82 0.0000
21.83 0.0000
21.84 0.0000
21.85 0.0000
21.86 0.0000
21.87 0.0000
21.88 0.0000
21.89 0.0000
21.90 0.0000
21.91 0.0000
21.92 0.0000
21.93 0.0000
21.94 0.0000
21.95 0.0000
21.96 0.0000
21.97 0.0000
21.98 0.0000
21.99 0.0000
22.00 0.0000
22.01 0.0000
22.02 0.0000
22.03 0.0000
22.04 0.0000
22.05 0.0000
22.06 0.0000
22.07 0.0000
22.08 0.0000
22.09 0.0000
22.10 0.0000
22.11 0.0000
22.12 0.0000
22.13 0.0000
22.14 0.0000
22.15 0.0000
22.16 0.0000
22.17 0.0000
22.18 0.0000
22.19 0.0000
22.20 0.0000
22.21 0.0000
22.22 0.0000
22.23 0.0000
22.24 0.0000
22.25 0.0000
22.26 0.0000
22.27 0.0000
22.28 0.0000
22.29 0.0000
22.30 0.0000
22.31 0.0000
22.32 0.0000
22.33 0.0000
22.34 0.0000
22.35 0.0000
22.36 0.0000
22.37 0.0000
22.38 0.0000
22.39 130.3414
22.40 134.6459
22.41 134.6459
22.42 134.6459
22.43 0.0000
22.44 0.0000
22.45 0.0000
22.46 0.0000
22.47 0.0000
22.48 0.0000
22.49 0.0000
22.50 0.0000
22.51 0.0000
22.52 0.0000
22.53 0.0000
22.54 0.0000
22.55 0.0000
22.56 0.0000
22.57 0.0000
22.58 0.0000
22.59 0.0000
22.60 0.0000
22.61 0.0000
22.62 0.0000
22.63 0.0000
22.64 0.0000
22.65 0.0000
22.66 0.0000
22.67 184.3305
22.68 185.6663
22.69 188.3669
22.70 189.0481
22.71 189.0481
22.72 189.0481
22.73 189.0481
22.74 189.0481
22.75 189.0481
22.76 189.0481
22.77 189.0481
22.78 189.0481
22.79 189.0481
22.80 189.0481
22.81 189.7318
22.82 191.1067
22.83 191.1067
22.84 191.7979
22.85 192.4916
22.86 193.1877
22.87 193.8864
22.88 193.8864
22.89 193.8864
22.90 193.1877
22.91 192.4916
22.92 192.4916
22.93 192.4916
22.94 191.7979
22.95 191.7979
22.96 191.7979
22.97 191.7979
22.98 191.7979
22.99 192.4916
23.00 192.4916
23.01 193.1877
23.02 193.8864
23.03 193.8864
23.04 194.5877
23.05 194.5877
23.06 194.5877
23.07 0.0000
23.08 0.0000
23.09 0.0000
23.10 0.0000
23.11 0.0000
23.12 0.0000
23.13 0.0000
23.14 0.0000
23.15 0.0000
23.16 0.0000
23.17 0.0000
23.18 0.0000
23.19 0.0000
23.20 0.0000
23.21 0.0000
23.22 0.0000
23.23 0.0000
23.24 195.9977
23.25 195.9977
23.26 195.9977
23.27 194.5877
23.28 193.8864
23.29 193.8864
23.30 193.8864
23.31 193.8864
23.32 193.8864
23.33 193.8864
23.34 194.5877
23.35 194.5877
23.36 194.5877
23.37 194.5877
23.38 195.2914
23.39 195.2914
23.40 195.2914
23.41 195.2914
23.42 195.2914
23.43 195.2914
23.44 195.2914
23.45 195.2914
23.46 195.2914
23.47 195.2914
23.48 0.0000
23.49 0.0000
23.50 0.0000
23.51 0.0000
23.52 0.0000
23.53 0.0000
23.54 0.0000
23.55 0.0000
23.56 0.0000
23.57 0.0000
23.58 0.0000
23.59 0.0000
23.60 0.0000
23.61 0.0000
23.62 0.0000
23.63 0.0000
23.64 0.0000
23.65 0.0000
23.66 0.0000
23.67 0.0000
23.68 0.0000
23.69 0.0000
23.70 0.0000
23.71 0.0000
23.72 0.0000
23.73 0.0000
23.74 0.0000
23.75 0.0000
23.76 0.0000
23.77 0.0000
23.78 0.0000
23.79 0.0000
23.80 0.0000
23.81 0.0000
23.82 0.0000
23.83 0.0000
23.84 0.0000
23.85 0.0000
23.86 0.0000
23.87 0.0000
23.88 0.0000
23.89 0.0000
23.90 0.0000
23.91 0.0000
23.92 0.0000
23.93 0.0000
23.94 0.0000
23.95 0.0000
23.96 0.0000
23.97 0.0000
23.98 0.0000
23.99 0.0000
24.00 0.0000
24.01 0.0000
24.02 0.0000
24.03 0.0000
24.04 0.0000
24.05 0.0000
24.06 0.0000
24.07 0.0000
24.08 0.0000
24.09 0.0000
24.10 0.0000
24.11 0.0000
24.12 0.0000
24.13 0.0000
24.14 0.0000
24.15 0.0000
24.16 0.0000
24.17 0.0000
