0.00 0.0000
0.01 0.0000
0.02 0.0000
0.03 0.0000
0.04 0.0000
0.05 0.0000
0.06 0.0000
0.07 0.0000
0.08 0.0000
0.09 0.0000
0.10 0.0000
0.11 0.0000
0.12 0.0000
0.13 0.0000
0.14 0.0000
0.15 0.0000
0.16 0.0000
0.17 0.0000
0.18 0.0000
0.19 0.0000
0.20 0.0000
0.21 0.0000
0.22 0.0000
0.23 0.0000
0.24 0.0000
0.25 0.0000
0.26 0.0000
0.27 0.0000
0.28 0.0000
0.29 0.0000
0.30 0.0000
0.31 0.0000
0.32 0.0000
0.33 0.0000
0.34 0.0000
0.35 0.0000
0.36 0.0000
0.37 0.0000
0.38 0.0000
0.39 0.0000
0.40 110.0000
0.41 110.3978
0.42 110.3978
0.43 110.3978
0.44 115.7025
0.45 116.1210
0.46 121.2621
0.47 122.5825
0.48 123.0259
0.49 123.0259
0.50 125.2667
0.51 127.0888
0.52 128.4727
0.53 128.9373
0.54 129.8717
0.55 130.3414
0.56 130.3414
0.57 130.8128
0.58 130.8128
0.59 130.8128
0.60 130.8128
0.61 130.8128
0.62 129.8717
0.63 129.4037
0.64 129.4037
0.65 129.4037
0.66 128.9373
0.67 128.4727
0.68 127.0888
0.69 127.0888
0.70 127.0888
0.71 127.0888
0.72 127.5484
0.73 128.0097
0.74 128.9373
0.75 129.4037
0.76 129.4037
0.77 129.4037
0.78 129.4037
0.79 128.9373
0.80 127.0888
0.81 127.0888
0.82 126.6308
0.83 122.5825
0.84 122.5825
0.85 122.5825
0.86 122.5825
0.87 122.5825
0.88 122.5825
0.89 0.0000
0.90 0.0000
0.91 0.0000
0.92 0.0000
0.93 0.0000
0.94 0.0000
0.95 0.0000
0.96 157.8262
0.97 166.0081
0.98 166.6085
0.99 170.8725
1.00 171.4905
1.01 174.6141
1.02 175.8794
1.03 175.8794
1.04 175.8794
1.05 175.2456
1.06 175.2456
1.07 175.2456
1.08 175.2456
1.09 175.2456
1.10 175.2456
1.11 175.2456
1.12 175.2456
1.13 175.2456
1.14 174.6141
1.15 174.6141
1.16 174.6141
1.17 174.6141
1.18 173.9849
1.19 172.7332
1.20 172.7332
1.21 172.1107
1.22 172.1107
1.23 172.1107
1.24 0.0000
1.25 0.0000
1.26 0.0000
1.27 0.0000
1.28 0.0000
1.29 0.0000
1.30 0.0000
1.31 0.0000
1.32 0.0000
1.33 0.0000
1.34 0.0000
1.35 0.0000
1.36 0.0000
1.37 0.0000
1.38 0.0000
1.39 0.0000
1.40 0.0000
1.41 0.0000
1.42 0.0000
1.43 0.0000
1.44 176.5155
1.45 176.5155
1.46 176.5155
1.47 176.5155
1.48 175.8794
1.49 175.8794
1.50 175.2456
1.51 175.2456
1.52 175.2456
1.53 175.2456
1.54 175.2456
1.55 175.2456
1.56 175.2456
1.57 175.2456
1.58 175.8794
1.59 175.8794
1.60 175.8794
1.61 175.8794
1.62 176.5155
1.63 176.5155
1.64 177.7946
1.65 178.4377
1.66 180.3807
1.67 182.3449
1.68 184.9972
1.69 186.3378
1.70 192.4916
1.71 193.8864
1.72 195.2914
1.73 195.2914
1.74 195.2914
1.75 195.2914
1.76 194.5877
1.77 193.8864
1.78 192.4916
1.79 192.4916
1.80 192.4916
1.81 193.1877
1.82 193.8864
1.83 194.5877
1.84 194.5877
1.85 195.2914
1.86 195.2914
1.87 195.9977
1.88 195.9977
1.89 195.9977
1.90 195.9977
1.91 195.2914
1.92 195.2914
1.93 195.2914
1.94 195.2914
1.95 195.2914
1.96 195.2914
1.97 195.2914
1.98 195.2914
1.99 195.2914
2.00 195.2914
2.01 195.2914
2.02 195.2914
2.03 195.2914
2.04 195.2914
2.05 194.5877
2.06 194.5877
2.07 194.5877
2.08 194.5877
2.09 194.5877
2.10 194.5877
2.11 194.5877
2.12 194.5877
2.13 194.5877
2.14 194.5877
2.15 194.5877
2.16 194.5877
2.17 194.5877
2.18 194.5877
2.19 195.2914
2.20 195.9977
2.21 195.9977
2.22 195.9977
2.23 195.9977
2.24 195.9977
2.25 195.9977
2.26 195.9977
2.27 195.9977
2.28 195.9977
2.29 195.9977
2.30 195.9977
2.31 195.9977
2.32 195.9977
2.33 195.9977
2.34 195.9977
2.35 195.9977
2.36 195.9977
2.37 195.9977
2.38 196.7066
2.39 196.7066
2.40 196.7066
2.41 195.9977
2.42 195.9977
2.43 195.9977
2.44 0.0000
2.45 0.0000
2.46 0.0000
2.47 0.0000
2.48 0.0000
2.49 0.0000
2.50 0.0000
2.51 0.0000
2.52 0.0000
2.53 0.0000
2.54 0.0000
2.55 0.0000
2.56 0.0000
2.57 196.7066
2.58 196.7066
2.59 196.7066
2.60 196.7066
2.61 197.4180
2.62 197.4180
2.63 197.4180
2.64 0.0000
2.65 0.0000
2.66 0.0000
2.67 0.0000
2.68 0.0000
2.69 0.0000
2.70 0.0000
2.71 0.0000
2.72 0.0000
2.73 0.0000
2.74 182.3449
2.75 193.8864
2.76 195.9977
2.77 195.9977
2.78 195.9977
2.79 195.9977
2.80 195.9977
2.81 195.9977
2.82 195.9977
2.83 195.9977
2.84 195.9977
2.85 195.9977
2.86 195.9977
2.87 195.9977
2.88 195.9977
2.89 195.9977
2.90 196.7066
2.91 196.7066
2.92 196.7066
2.93 196.7066
2.94 196.7066
2.95 195.9977
2.96 195.9977
2.97 195.9977
2.98 195.9977
2.99 195.9977
3.00 196.7066
3.01 196.7066
3.02 196.7066
3.03 196.7066
3.04 196.7066
3.05 0.0000
3.06 0.0000
3.07 0.0000
3.08 0.0000
3.09 0.0000
3.10 0.0000
3.11 0.0000
3.12 0.0000
3.13 0.0000
3.14 0.0000
3.15 0.0000
3.16 0.0000
3.17 0.0000
3.18 0.0000
3.19 0.0000
3.20 198.1320
3.21 198.1320
3.22 198.1320
3.23 196.7066
3.24 195.9977
3.25 195.9977
3.26 195.9977
3.27 195.9977
3.28 195.9977
3.29 195.9977
3.30 195.9977
3.31 195.9977
3.32 195.9977
3.33 195.9977
3.34 195.9977
3.35 195.9977
3.36 195.9977
3.37 195.9977
3.38 195.9977
3.39 195.9977
3.40 196.7066
3.41 198.1320
3.42 198.8486
3.43 199.5677
3.44 200.2895
3.45 201.0139
3.46 202.4705
3.47 204.6753
3.48 206.1584
3.49 206.9040
3.50 208.4034
3.51 208.4034
3.52 208.4034
3.53 207.6523
3.54 207.6523
3.55 207.6523
3.56 208.4034
3.57 208.4034
3.58 208.4034
3.59 208.4034
3.60 208.4034
3.61 208.4034
3.62 208.4034
3.63 208.4034
3.64 209.1571
3.65 209.1571
3.66 209.1571
3.67 209.1571
3.68 209.1571
3.69 208.4034
3.70 208.4034
3.71 208.4034
3.72 0.0000
3.73 0.0000
3.74 0.0000
3.75 0.0000
3.76 0.0000
3.77 0.0000
3.78 0.0000
3.79 0.0000
3.80 0.0000
3.81 0.0000
3.82 0.0000
3.83 0.0000
3.84 0.0000
3.85 0.0000
3.86 0.0000
3.87 0.0000
3.88 0.0000
3.89 0.0000
3.90 0.0000
3.91 0.0000
3.92 0.0000
3.93 0.0000
3.94 0.0000
3.95 0.0000
3.96 0.0000
3.97 0.0000
3.98 0.0000
3.99 0.0000
4.00 0.0000
4.01 0.0000
4.02 0.0000
4.03 0.0000
4.04 0.0000
4.05 0.0000
4.06 0.0000
4.07 0.0000
4.08 0.0000
4.09 0.0000
4.10 0.0000
4.11 0.0000
4.12 0.0000
4.13 0.0000
4.14 0.0000
4.15 0.0000
4.16 0.0000
4.17 0.0000
4.18 0.0000
4.19 0.0000
4.20 0.0000
4.21 0.0000
4.22 0.0000
4.23 0.0000
4.24 0.0000
4.25 0.0000
4.26 0.0000
4.27 0.0000
4.28 0.0000
4.29 0.0000
4.30 0.0000
4.31 0.0000
4.32 0.0000
4.33 0.0000
4.34 0.0000
4.35 0.0000
4.36 0.0000
4.37 0.0000
4.38 0.0000
4.39 0.0000
4.40 0.0000
4.41 0.0000
4.42 0.0000
4.43 0.0000
4.44 0.0000
4.45 0.0000
4.46 0.0000
4.47 0.0000
4.48 0.0000
4.49 0.0000
4.50 0.0000
4.51 0.0000
4.52 0.0000
4.53 0.0000
4.54 0.0000
4.55 0.0000
4.56 178.4377
4.57 182.3449
4.58 186.3378
4.59 193.1877
4.60 195.9977
4.61 198.1320
4.62 200.2895
4.63 201.7409
4.64 203.2028
4.65 207.6523
4.66 207.6523
4.67 207.6523
4.68 207.6523
4.69 206.9040
4.70 206.9040
4.71 206.1584
4.72 205.4155
4.73 204.6753
4.74 201.0139
4.75 200.2895
4.76 195.9977
4.77 194.5877
4.78 192.4916
4.79 189.0481
4.80 189.0481
4.81 189.0481
4.82 189.0481
4.83 189.0481
4.84 189.7318
4.85 190.4180
4.86 191.7979
4.87 192.4916
4.88 193.1877
4.89 194.5877
4.90 196.7066
4.91 198.1320
4.92 199.5677
4.93 201.0139
4.94 201.7409
4.95 203.2028
4.96 204.6753
4.97 204.6753
4.98 204.6753
4.99 204.6753
5.00 204.6753
5.01 204.6753
5.02 0.0000
5.03 0.0000
5.04 0.0000
5.05 0.0000
5.06 0.0000
5.07 0.0000
5.08 0.0000
5.09 0.0000
5.10 0.0000
5.11 0.0000
5.12 0.0000
5.13 0.0000
5.14 0.0000
5.15 0.0000
5.16 0.0000
5.17 0.0000
5.18 0.0000
5.19 0.0000
5.20 0.0000
5.21 0.0000
5.22 0.0000
5.23 204.6753
5.24 204.6753
5.25 204.6753
5.26 201.0139
5.27 198.1320
5.28 198.1320
5.29 197.4180
5.30 196.7066
5.31 196.7066
5.32 195.9977
5.33 195.9977
5.34 195.9977
5.35 195.9977
5.36 195.9977
5.37 195.9977
5.38 195.9977
5.39 195.9977
5.40 195.9977
5.41 195.9977
5.42 195.9977
5.43 195.9977
5.44 195.9977
5.45 195.9977
5.46 195.9977
5.47 195.9977
5.48 195.9977
5.49 195.9977
5.50 195.2914
5.51 195.2914
5.52 195.2914
5.53 195.2914
5.54 195.2914
5.55 195.2914
5.56 195.9977
5.57 195.9977
5.58 195.9977
5.59 195.9977
5.60 195.9977
5.61 195.9977
5.62 195.9977
5.63 195.9977
5.64 195.9977
5.65 195.9977
5.66 195.9977
5.67 195.9977
5.68 195.9977
5.69 196.7066
5.70 196.7066
5.71 196.7066
5.72 196.7066
5.73 196.7066
5.74 195.9977
5.75 195.9977
5.76 195.9977
5.77 195.9977
5.78 195.9977
5.79 195.9977
5.80 195.9977
5.81 196.7066
5.82 196.7066
5.83 196.7066
5.84 197.4180
5.85 197.4180
5.86 197.4180
5.87 197.4180
5.88 197.4180
5.89 0.0000
5.90 0.0000
5.91 0.0000
5.92 0.0000
5.93 0.0000
5.94 0.0000
5.95 0.0000
5.96 0.0000
5.97 0.0000
5.98 195.9977
5.99 195.9977
6.00 195.9977
6.01 195.9977
6.02 195.9977
6.03 195.9977
6.04 195.9977
6.05 195.9977
6.06 195.9977
6.07 195.9977
6.08 195.9977
6.09 195.9977
6.10 195.9977
6.11 195.9977
6.12 195.9977
6.13 195.9977
6.14 195.9977
6.15 195.9977
6.16 195.9977
6.17 195.9977
6.18 195.9977
6.19 195.9977
6.20 195.9977
6.21 196.7066
6.22 196.7066
6.23 196.7066
6.24 196.7066
6.25 196.7066
6.26 195.9977
6.27 195.9977
6.28 195.9977
6.29 195.9977
6.30 195.9977
6.31 195.9977
6.32 195.9977
6.33 195.9977
6.34 195.9977
6.35 195.9977
6.36 195.9977
6.37 195.9977
6.38 195.9977
6.39 195.9977
6.40 195.9977
6.41 195.9977
6.42 196.7066
6.43 196.7066
6.44 196.7066
6.45 196.7066
6.46 196.7066
6.47 196.7066
6.48 196.7066
6.49 197.4180
6.50 198.1320
6.51 199.5677
6.52 199.5677
6.53 199.5677
6.54 198.8486
6.55 198.8486
6.56 198.1320
6.57 196.7066
6.58 195.9977
6.59 195.2914
6.60 193.1877
6.61 192.4916
6.62 186.3378
6.63 184.3305
6.64 182.3449
6.65 177.7946
6.66 171.4905
6.67 170.2567
6.68 170.2567
6.69 170.2567
6.70 170.8725
6.71 170.8725
6.72 170.8725
6.73 171.4905
6.74 171.4905
6.75 171.4905
6.76 171.4905
6.77 171.4905
6.78 171.4905
6.79 171.4905
6.80 171.4905
6.81 171.4905
6.82 171.4905
6.83 171.4905
6.84 171.4905
6.85 171.4905
6.86 171.4905
6.87 170.8725
6.88 170.8725
6.89 170.8725
6.90 170.8725
6.91 170.8725
6.92 170.8725
6.93 170.8725
6.94 171.4905
6.95 171.4905
6.96 171.4905
6.97 172.1107
6.98 172.1107
6.99 172.1107
7.00 172.1107
7.01 172.1107
7.02 172.1107
7.03 172.1107
7.04 172.1107
7.05 172.1107
7.06 172.1107
7.07 172.1107
7.08 172.1107
7.09 171.4905
7.10 171.4905
7.11 171.4905
7.12 171.4905
7.13 172.1107
7.14 172.1107
7.15 172.1107
7.16 172.1107
7.17 172.7332
7.18 172.7332
7.19 172.7332
7.20 173.3579
7.21 173.3579
7.22 173.3579
7.23 173.3579
7.24 173.9849
7.25 173.9849
7.26 173.9849
7.27 173.9849
7.28 173.9849
7.29 0.0000
7.30 0.0000
7.31 0.0000
7.32 0.0000
7.33 0.0000
7.34 0.0000
7.35 0.0000
7.36 0.0000
7.37 0.0000
7.38 0.0000
7.39 0.0000
7.40 0.0000
7.41 0.0000
7.42 0.0000
7.43 0.0000
7.44 0.0000
7.45 0.0000
7.46 0.0000
7.47 0.0000
7.48 0.0000
7.49 0.0000
7.50 0.0000
7.51 0.0000
7.52 0.0000
7.53 0.0000
7.54 0.0000
7.55 0.0000
7.56 0.0000
7.57 0.0000
7.58 0.0000
7.59 0.0000
7.60 0.0000
7.61 0.0000
7.62 0.0000
7.63 0.0000
7.64 0.0000
7.65 0.0000
7.66 0.0000
7.67 0.0000
7.68 0.0000
7.69 0.0000
7.70 0.0000
7.71 0.0000
7.72 0.0000
7.73 0.0000
7.74 0.0000
7.75 0.0000
7.76 0.0000
7.77 0.0000
7.78 0.0000
7.79 0.0000
7.80 0.0000
7.81 0.0000
7.82 0.0000
7.83 0.0000
7.84 0.0000
7.85 0.0000
7.86 0.0000
7.87 0.0000
7.88 0.0000
7.89 137.5943
7.90 137.5943
7.91 137.5943
7.92 137.5943
7.93 137.5943
7.94 137.5943
7.95 137.5943
7.96 137.5943
7.97 137.5943
7.98 139.0926
7.99 139.0926
8.00 139.0926
8.01 139.0926
8.02 0.0000
8.03 0.0000
8.04 0.0000
8.05 0.0000
8.06 0.0000
8.07 0.0000
8.08 0.0000
8.09 0.0000
8.10 0.0000
8.11 0.0000
8.12 0.0000
8.13 0.0000
8.14 0.0000
8.15 0.0000
8.16 0.0000
8.17 0.0000
8.18 0.0000
8.19 0.0000
8.20 198.8486
8.21 199.5677
8.22 200.2895
8.23 201.0139
8.24 201.0139
8.25 203.2028
8.26 204.6753
8.27 206.1584
8.28 207.6523
8.29 208.4034
8.30 208.4034
8.31 208.4034
8.32 206.1584
8.33 206.1584
8.34 0.0000
8.35 0.0000
8.36 0.0000
8.37 0.0000
8.38 0.0000
8.39 139.5956
8.40 139.5956
8.41 139.5956
8.42 139.5956
8.43 139.5956
8.44 0.0000
8.45 0.0000
8.46 0.0000
8.47 0.0000
8.48 0.0000
8.49 0.0000
8.50 0.0000
8.51 0.0000
8.52 182.3449
8.53 183.0044
8.54 183.0044
8.55 183.0044
8.56 184.3305
8.57 185.6663
8.58 186.3378
8.59 193.1877
8.60 195.2914
8.61 198.1320
8.62 200.2895
8.63 204.6753
8.64 206.9040
8.65 208.4034
8.66 209.1571
8.67 209.9135
8.68 210.6727
8.69 210.6727
8.70 210.6727
8.71 210.6727
8.72 209.9135
8.73 209.9135
8.74 209.9135
8.75 209.9135
8.76 209.9135
8.77 209.9135
8.78 209.9135
8.79 209.1571
8.80 209.1571
8.81 209.1571
8.82 209.1571
8.83 208.4034
8.84 206.9040
8.85 206.9040
8.86 206.1584
8.87 205.4155
8.88 201.7409
8.89 199.5677
8.90 197.4180
8.91 196.7066
8.92 196.7066
8.93 196.7066
8.94 196.7066
8.95 196.7066
8.96 196.7066
8.97 196.7066
8.98 196.7066
8.99 195.9977
9.00 195.9977
9.01 195.9977
9.02 195.9977
9.03 195.9977
9.04 195.9977
9.05 195.2914
9.06 195.2914
9.07 195.2914
9.08 195.2914
9.09 195.2914
9.10 195.2914
9.11 195.2914
9.12 195.2914
9.13 194.5877
9.14 194.5877
9.15 194.5877
9.16 194.5877
9.17 194.5877
9.18 194.5877
9.19 194.5877
9.20 194.5877
9.21 194.5877
9.22 194.5877
9.23 194.5877
9.24 194.5877
9.25 194.5877
9.26 194.5877
9.27 194.5877
9.28 194.5877
9.29 194.5877
9.30 194.5877
9.31 194.5877
9.32 194.5877
9.33 194.5877
9.34 194.5877
9.35 194.5877
9.36 194.5877
9.37 194.5877
9.38 194.5877
9.39 194.5877
9.40 195.2914
9.41 195.2914
9.42 195.2914
9.43 195.2914
9.44 195.9977
9.45 195.9977
9.46 195.9977
9.47 195.9977
9.48 195.9977
9.49 195.9977
9.50 195.9977
9.51 195.9977
9.52 195.9977
9.53 195.9977
9.54 195.9977
9.55 195.2914
9.56 195.2914
9.57 195.2914
9.58 195.2914
9.59 0.0000
9.60 0.0000
9.61 0.0000
9.62 0.0000
9.63 0.0000
9.64 0.0000
9.65 0.0000
9.66 0.0000
9.67 0.0000
9.68 0.0000
9.69 0.0000
9.70 0.0000
9.71 0.0000
9.72 0.0000
9.73 0.0000
9.74 0.0000
9.75 0.0000
9.76 0.0000
9.77 0.0000
9.78 0.0000
9.79 0.0000
9.80 0.0000
9.81 0.0000
9.82 0.0000
9.83 0.0000
9.84 0.0000
9.85 0.0000
9.86 0.0000
9.87 0.0000
9.88 0.0000
9.89 0.0000
9.90 0.0000
9.91 0.0000
9.92 0.0000
9.93 0.0000
9.94 0.0000
9.95 0.0000
9.96 0.0000
9.97 0.0000
9.98 0.0000
9.99 0.0000
10.00 0.0000
10.01 0.0000
10.02 0.0000
10.03 0.0000
10.04 0.0000
10.05 0.0000
10.06 0.0000
10.07 0.0000
10.08 0.0000
10.09 0.0000
10.10 0.0000
10.11 0.0000
10.12 0.0000
10.13 0.0000
10.14 0.0000
10.15 0.0000
10.16 0.0000
10.17 0.0000
10.18 0.0000
10.19 0.0000
10.20 0.0000
10.21 0.0000
10.22 0.0000
10.23 0.0000
10.24 0.0000
10.25 0.0000
10.26 0.0000
10.27 0.0000
10.28 0.0000
10.29 0.0000
10.30 0.0000
10.31 0.0000
10.32 0.0000
10.33 0.0000
10.34 0.0000
10.35 0.0000
10.36 0.0000
10.37 0.0000
10.38 0.0000
10.39 0.0000
10.40 0.0000
10.41 0.0000
10.42 0.0000
10.43 0.0000
10.44 0.0000
10.45 0.0000
10.46 0.0000
10.47 0.0000
10.48 0.0000
10.49 0.0000
10.50 126.1745
10.51 127.0888
10.52 127.0888
10.53 127.5484
10.54 127.5484
10.55 127.5484
10.56 127.5484
10.57 127.5484
10.58 127.5484
10.59 128.0097
10.60 128.0097
10.61 128.0097
10.62 128.0097
10.63 128.0097
10.64 127.5484
10.65 127.0888
10.66 127.0888
10.67 127.0888
10.68 127.0888
10.69 127.0888
10.70 127.0888
10.71 127.0888
10.72 127.0888
10.73 127.0888
10.74 127.5484
10.75 128.9373
10.76 128.9373
10.77 129.8717
10.78 131.2859
10.79 132.2372
10.80 132.2372
10.81 132.2372
10.82 132.2372
10.83 132.7155
10.84 132.7155
10.85 132.7155
10.86 133.1955
10.87 134.6459
10.88 137.0984
10.89 139.0926
10.90 139.5956
10.91 141.6261
10.92 146.3033
10.93 149.5069
10.94 154.4443
10.95 155.5635
10.96 157.8262
10.97 160.1219
10.98 160.7010
10.99 166.0081
11.00 168.4227
11.01 169.0319
11.02 169.0319
11.03 169.6432
11.04 169.6432
11.05 169.6432
11.06 169.6432
11.07 170.2567
11.08 170.2567
11.09 170.2567
11.10 170.8725
11.11 170.8725
11.12 170.8725
11.13 170.8725
11.14 171.4905
11.15 172.1107
11.16 179.7307
11.17 179.7307
11.18 179.7307
11.19 177.7946
11.20 171.4905
11.21 171.4905
11.22 0.0000
11.23 0.0000
11.24 0.0000
11.25 0.0000
11.26 0.0000
11.27 0.0000
11.28 0.0000
11.29 0.0000
11.30 0.0000
11.31 174.6141
11.32 174.6141
11.33 174.6141
11.34 173.9849
11.35 172.7332
11.36 172.1107
11.37 171.4905
11.38 171.4905
11.39 170.8725
11.40 170.8725
11.41 170.8725
11.42 170.8725
11.43 170.8725
11.44 170.8725
11.45 171.4905
11.46 172.1107
11.47 174.6141
11.48 174.6141
11.49 175.2456
11.50 175.8794
11.51 176.5155
11.52 176.5155
11.53 177.1539
11.54 177.1539
11.55 177.7946
11.56 177.7946
11.57 177.7946
11.58 178.4377
11.59 178.4377
11.60 179.7307
11.61 179.7307
11.62 181.0331
11.63 182.3449
11.64 184.3305
11.65 185.6663
11.66 190.4180
11.67 193.1877
11.68 195.2914
11.69 196.7066
11.70 198.1320
11.71 198.1320
11.72 198.1320
11.73 197.4180
11.74 196.7066
11.75 195.9977
11.76 195.9977
11.77 195.2914
11.78 195.2914
11.79 195.2914
11.80 195.2914
11.81 195.2914
11.82 195.2914
11.83 195.2914
11.84 195.2914
11.85 195.2914
11.86 195.2914
11.87 194.5877
11.88 194.5877
11.89 194.5877
11.90 194.5877
11.91 194.5877
11.92 194.5877
11.93 195.2914
11.94 195.2914
11.95 195.2914
11.96 195.2914
11.97 195.2914
11.98 195.2914
11.99 195.9977
12.00 195.9977
12.01 195.9977
12.02 195.9977
12.03 195.9977
12.04 195.9977
12.05 0.0000
12.06 0.0000
12.07 0.0000
12.08 0.0000
12.09 0.0000
12.10 0.0000
12.11 0.0000
12.12 0.0000
12.13 0.0000
12.14 0.0000
12.15 0.0000
12.16 0.0000
12.17 0.0000
12.18 0.0000
12.19 0.0000
12.20 0.0000
12.21 0.0000
12.22 0.0000
12.23 0.0000
12.24 0.0000
12.25 0.0000
12.26 0.0000
12.27 0.0000
12.28 0.0000
12.29 0.0000
12.30 0.0000
12.31 0.0000
12.32 0.0000
12.33 0.0000
12.34 0.0000
12.35 0.0000
12.36 0.0000
12.37 0.0000
12.38 0.0000
12.39 0.0000
12.40 0.0000
12.41 0.0000
12.42 0.0000
12.43 0.0000
12.44 0.0000
12.45 0.0000
12.46 0.0000
12.47 0.0000
12.48 0.0000
12.49 0.0000
12.50 0.0000
12.51 0.0000
12.52 0.0000
12.53 0.0000
12.54 0.0000
12.55 0.0000
12.56 0.0000
12.57 0.0000
12.58 0.0000
12.59 0.0000
12.60 0.0000
12.61 0.0000
12.62 0.0000
12.63 0.0000
12.64 0.0000
12.65 0.0000
12.66 0.0000
12.67 0.0000
12.68 0.0000
12.69 0.0000
12.70 0.0000
12.71 195.2914
12.72 195.2914
12.73 195.2914
12.74 195.9977
12.75 195.9977
12.76 195.9977
12.77 195.9977
12.78 195.9977
12.79 195.9977
12.80 195.9977
12.81 195.2914
12.82 195.2914
12.83 195.2914
12.84 195.2914
12.85 195.2914
12.86 195.2914
12.87 195.2914
12.88 195.2914
12.89 195.2914
12.90 195.2914
12.91 194.5877
12.92 194.5877
12.93 0.0000
12.94 0.0000
12.95 0.0000
12.96 0.0000
12.97 0.0000
12.98 0.0000
12.99 0.0000
13.00 0.0000
13.01 0.0000
13.02 0.0000
13.03 0.0000
13.04 0.0000
13.05 0.0000
13.06 0.0000
13.07 0.0000
13.08 0.0000
13.09 0.0000
13.10 0.0000
13.11 0.0000
13.12 0.0000
13.13 0.0000
13.14 0.0000
13.15 0.0000
13.16 0.0000
13.17 0.0000
13.18 0.0000
13.19 0.0000
13.20 0.0000
13.21 0.0000
13.22 194.5877
13.23 194.5877
13.24 194.5877
13.25 194.5877
13.26 194.5877
13.27 194.5877
13.28 194.5877
13.29 194.5877
13.30 194.5877
13.31 194.5877
13.32 194.5877
13.33 193.8864
13.34 193.8864
13.35 193.8864
13.36 194.5877
13.37 194.5877
13.38 195.2914
13.39 195.2914
13.40 195.2914
13.41 195.2914
13.42 195.9977
13.43 195.9977
13.44 195.9977
13.45 196.7066
13.46 198.1320
13.47 198.8486
13.48 200.2895
13.49 201.7409
13.50 204.6753
13.51 206.1584
13.52 207.6523
13.53 208.4034
13.54 208.4034
13.55 208.4034
13.56 208.4034
13.57 207.6523
13.58 207.6523
13.59 207.6523
13.60 206.9040
13.61 206.9040
13.62 206.1584
13.63 206.1584
13.64 206.1584
13.65 206.1584
13.66 206.1584
13.67 206.1584
13.68 206.9040
13.69 206.9040
13.70 206.9040
13.71 206.9040
13.72 206.9040
13.73 206.9040
13.74 206.9040
13.75 206.9040
13.76 206.1584
13.77 206.1584
13.78 206.1584
13.79 206.1584
13.80 206.1584
13.81 206.1584
13.82 206.1584
13.83 206.1584
13.84 205.4155
13.85 205.4155
13.86 205.4155
13.87 205.4155
13.88 205.4155
13.89 206.1584
13.90 206.1584
13.91 206.1584
13.92 206.1584
13.93 206.1584
13.94 206.1584
13.95 206.1584
13.96 206.1584
13.97 205.4155
13.98 204.6753
13.99 203.9377
14.00 203.9377
14.01 203.9377
14.02 204.6753
14.03 205.4155
14.04 206.1584
14.05 206.1584
14.06 206.9040
14.07 209.1571
14.08 214.5100
14.09 216.0645
14.10 217.6302
14.11 217.6302
14.12 217.6302
14.13 217.6302
14.14 217.6302
14.15 0.0000
14.16 0.0000
14.17 0.0000
14.18 0.0000
14.19 0.0000
14.20 0.0000
14.21 0.0000
14.22 0.0000
14.23 0.0000
14.24 0.0000
14.25 0.0000
14.26 0.0000
14.27 0.0000
14.28 0.0000
14.29 0.0000
14.30 0.0000
14.31 0.0000
14.32 0.0000
14.33 0.0000
14.34 0.0000
14.35 0.0000
14.36 0.0000
14.37 0.0000
14.38 0.0000
14.39 0.0000
14.40 0.0000
14.41 0.0000
14.42 0.0000
14.43 0.0000
14.44 0.0000
14.45 0.0000
14.46 0.0000
14.47 0.0000
14.48 0.0000
14.49 0.0000
14.50 0.0000
14.51 0.0000
14.52 0.0000
14.53 0.0000
14.54 0.0000
14.55 0.0000
14.56 0.0000
14.57 178.4377
14.58 179.0830
14.59 181.6878
14.60 184.3305
14.61 186.3378
14.62 195.9977
14.63 196.7066
14.64 200.2895
14.65 202.4705
14.66 203.9377
14.67 203.9377
14.68 203.9377
14.69 203.9377
14.70 203.9377
14.71 202.4705
14.72 201.7409
14.73 201.0139
14.74 200.2895
14.75 196.7066
14.76 195.9977
14.77 194.5877
14.78 193.1877
14.79 192.4916
14.80 192.4916
14.81 192.4916
14.82 192.4916
14.83 192.4916
14.84 193.1877
14.85 193.1877
14.86 194.5877
14.87 195.9977
14.88 198.1320
14.89 198.8486
14.90 199.5677
14.91 200.2895
14.92 201.0139
14.93 202.4705
14.94 203.2028
14.95 203.9377
14.96 203.9377
14.97 203.9377
14.98 203.9377
14.99 203.9377
15.00 203.9377
15.01 203.9377
15.02 203.9377
15.03 0.0000
15.04 0.0000
15.05 0.0000
15.06 0.0000
15.07 0.0000
15.08 0.0000
15.09 0.0000
15.10 0.0000
15.11 0.0000
15.12 0.0000
15.13 0.0000
15.14 0.0000
15.15 0.0000
15.16 0.0000
15.17 0.0000
15.18 0.0000
15.19 0.0000
15.20 0.0000
15.21 0.0000
15.22 0.0000
15.23 0.0000
15.24 0.0000
15.25 0.0000
15.26 0.0000
15.27 198.1320
15.28 198.1320
15.29 198.1320
15.30 198.1320
15.31 197.4180
15.32 197.4180
15.33 197.4180
15.34 196.7066
15.35 196.7066
15.36 196.7066
15.37 195.9977
15.38 195.9977
15.39 195.9977
15.40 195.9977
15.41 195.2914
15.42 195.2914
15.43 195.2914
15.44 195.2914
15.45 195.2914
15.46 195.2914
15.47 195.2914
15.48 195.2914
15.49 195.2914
15.50 195.2914
15.51 195.2914
15.52 195.2914
15.53 194.5877
15.54 194.5877
15.55 194.5877
15.56 194.5877
15.57 194.5877
15.58 194.5877
15.59 193.8864
15.60 193.8864
15.61 193.8864
15.62 193.8864
15.63 194.5877
15.64 194.5877
15.65 194.5877
15.66 194.5877
15.67 194.5877
15.68 194.5877
15.69 194.5877
15.70 194.5877
15.71 194.5877
15.72 193.8864
15.73 193.8864
15.74 193.8864
15.75 193.8864
15.76 193.8864
15.77 193.8864
15.78 193.8864
15.79 193.8864
15.80 193.8864
15.81 193.8864
15.82 193.8864
15.83 193.8864
15.84 193.8864
15.85 193.8864
15.86 193.8864
15.87 193.8864
15.88 194.5877
15.89 194.5877
15.90 194.5877
15.91 195.2914
15.92 195.2914
15.93 195.2914
15.94 195.9977
15.95 195.9977
15.96 195.9977
15.97 195.9977
15.98 195.9977
15.99 195.9977
16.00 195.9977
16.01 195.9977
16.02 195.9977
16.03 195.9977
16.04 195.2914
16.05 194.5877
16.06 194.5877
16.07 194.5877
16.08 194.5877
16.09 194.5877
16.10 195.2914
16.11 195.9977
16.12 197.4180
16.13 198.1320
16.14 198.8486
16.15 198.8486
16.16 198.8486
16.17 198.1320
16.18 198.1320
16.19 198.1320
16.20 197.4180
16.21 197.4180
16.22 196.7066
16.23 195.9977
16.24 195.9977
16.25 195.2914
16.26 194.5877
16.27 194.5877
16.28 194.5877
16.29 194.5877
16.30 195.2914
16.31 195.2914
16.32 195.9977
16.33 195.9977
16.34 196.7066
16.35 196.7066
16.36 198.1320
16.37 198.1320
16.38 198.1320
16.39 198.1320
16.40 197.4180
16.41 196.7066
16.42 195.9977
16.43 195.9977
16.44 195.9977
16.45 195.9977
16.46 196.7066
16.47 197.4180
16.48 198.1320
16.49 198.1320
16.50 198.1320
16.51 198.1320
16.52 197.4180
16.53 195.9977
16.54 195.9977
16.55 195.2914
16.56 192.4916
16.57 189.0481
16.58 184.3305
16.59 181.6878
16.60 171.4905
16.61 171.4905
16.62 171.4905
16.63 171.4905
16.64 171.4905
16.65 172.1107
16.66 172.1107
16.67 172.7332
16.68 173.3579
16.69 173.3579
16.70 173.3579
16.71 173.3579
16.72 173.3579
16.73 173.3579
16.74 173.3579
16.75 173.9849
16.76 173.9849
16.77 173.9849
16.78 173.9849
16.79 173.9849
16.80 173.9849
16.81 173.9849
16.82 173.9849
16.83 173.9849
16.84 173.9849
16.85 173.3579
16.86 173.3579
16.87 173.3579
16.88 173.3579
16.89 173.9849
16.90 173.9849
16.91 174.6141
16.92 174.6141
16.93 174.6141
16.94 174.6141
16.95 174.6141
16.96 174.6141
16.97 174.6141
16.98 174.6141
16.99 174.6141
17.00 174.6141
17.01 173.9849
17.02 173.9849
17.03 173.9849
17.04 173.9849
17.05 174.6141
17.06 174.6141
17.07 174.6141
17.08 175.2456
17.09 175.2456
17.10 175.2456
17.11 175.8794
17.12 175.8794
17.13 175.8794
17.14 175.2456
17.15 175.2456
17.16 175.2456
17.17 175.2456
17.18 175.2456
17.19 175.2456
17.20 175.2456
17.21 175.2456
17.22 175.2456
17.23 175.2456
17.24 175.2456
17.25 174.6141
17.26 174.6141
17.27 174.6141
17.28 173.9849
17.29 173.9849
17.30 173.9849
17.31 173.9849
17.32 173.9849
17.33 173.9849
17.34 173.3579
17.35 173.3579
17.36 173.3579
17.37 173.3579
17.38 173.3579
17.39 173.3579
17.40 173.3579
17.41 173.3579
17.42 172.7332
17.43 172.7332
17.44 172.7332
17.45 172.7332
17.46 172.7332
17.47 172.7332
17.48 172.7332
17.49 172.7332
17.50 172.7332
17.51 172.7332
17.52 173.3579
17.53 173.9849
17.54 174.6141
17.55 174.6141
17.56 174.6141
17.57 174.6141
17.58 174.6141
17.59 175.2456
17.60 175.8794
17.61 175.8794
17.62 176.5155
17.63 177.1539
17.64 177.1539
17.65 177.1539
17.66 176.5155
17.67 175.2456
17.68 175.2456
17.69 175.2456
17.70 174.6141
17.71 0.0000
17.72 0.0000
17.73 0.0000
17.74 0.0000
17.75 0.0000
17.76 0.0000
17.77 0.0000
17.78 0.0000
17.79 0.0000
17.80 0.0000
17.81 0.0000
17.82 0.0000
17.83 0.0000
17.84 0.0000
17.85 0.0000
17.86 0.0000
17.87 0.0000
17.88 0.0000
17.89 0.0000
17.90 0.0000
17.91 0.0000
17.92 0.0000
17.93 0.0000
17.94 0.0000
17.95 0.0000
17.96 0.0000
17.97 0.0000
17.98 0.0000
17.99 0.0000
18.00 0.0000
18.01 0.0000
18.02 0.0000
18.03 0.0000
18.04 0.0000
18.05 206.9040
18.06 206.9040
18.07 206.9040
18.08 0.0000
18.09 0.0000
18.10 0.0000
18.11 0.0000
18.12 0.0000
18.13 0.0000
18.14 0.0000
18.15 0.0000
18.16 0.0000
18.17 0.0000
18.18 0.0000
18.19 0.0000
18.20 0.0000
18.21 178.4377
18.22 181.6878
18.23 184.3305
18.24 186.3378
18.25 195.9977
18.26 198.1320
18.27 200.2895
18.28 203.2028
18.29 206.1584
18.30 206.1584
18.31 206.9040
18.32 207.6523
18.33 207.6523
18.34 207.6523
18.35 207.6523
18.36 207.6523
18.37 206.9040
18.38 206.1584
18.39 206.1584
18.40 201.7409
18.41 201.0139
18.42 195.9977
18.43 195.9977
18.44 194.5877
18.45 193.1877
18.46 192.4916
18.47 191.1067
18.48 191.1067
18.49 191.1067
18.50 192.4916
18.51 193.1877
18.52 195.9977
18.53 198.1320
18.54 201.0139
18.55 204.6753
18.56 206.1584
18.57 207.6523
18.58 207.6523
18.59 207.6523
18.60 206.9040
18.61 206.1584
18.62 206.1584
18.63 206.1584
18.64 206.1584
18.65 206.1584
18.66 206.1584
18.67 206.1584
18.68 0.0000
18.69 0.0000
18.70 0.0000
18.71 0.0000
18.72 0.0000
18.73 0.0000
18.74 0.0000
18.75 0.0000
18.76 0.0000
18.77 0.0000
18.78 0.0000
18.79 0.0000
18.80 0.0000
18.81 0.0000
18.82 0.0000
18.83 0.0000
18.84 0.0000
18.85 0.0000
18.86 0.0000
18.87 201.0139
18.88 201.0139
18.89 201.0139
18.90 200.2895
18.91 198.1320
18.92 197.4180
18.93 197.4180
18.94 195.9977
18.95 195.9977
18.96 195.2914
18.97 195.2914
18.98 194.5877
18.99 194.5877
19.00 194.5877
19.01 194.5877
19.02 194.5877
19.03 194.5877
19.04 194.5877
19.05 194.5877
19.06 194.5877
19.07 194.5877
19.08 194.5877
19.09 194.5877
19.10 194.5877
19.11 194.5877
19.12 194.5877
19.13 194.5877
19.14 194.5877
19.15 194.5877
19.16 194.5877
19.17 193.8864
19.18 193.8864
19.19 193.8864
19.20 193.8864
19.21 193.8864
19.22 193.8864
19.23 193.8864
19.24 193.8864
19.25 193.8864
19.26 193.8864
19.27 193.8864
19.28 194.5877
19.29 194.5877
19.30 194.5877
19.31 194.5877
19.32 194.5877
19.33 194.5877
19.34 194.5877
19.35 194.5877
19.36 194.5877
19.37 194.5877
19.38 195.2914
19.39 195.2914
19.40 195.2914
19.41 195.2914
19.42 195.2914
19.43 195.2914
19.44 195.2914
19.45 195.2914
19.46 195.2914
19.47 195.2914
19.48 195.2914
19.49 195.2914
19.50 195.2914
19.51 195.2914
19.52 195.9977
19.53 195.9977
19.54 195.9977
19.55 195.9977
19.56 195.9977
19.57 195.9977
19.58 195.9977
19.59 195.9977
19.60 195.9977
19.61 195.9977
19.62 195.9977
19.63 195.9977
19.64 195.9977
19.65 195.9977
19.66 195.9977
19.67 195.2914
19.68 195.2914
19.69 195.2914
19.70 194.5877
19.71 194.5877
19.72 194.5877
19.73 194.5877
19.74 194.5877
19.75 194.5877
19.76 193.8864
19.77 193.8864
19.78 193.8864
19.79 194.5877
19.80 194.5877
19.81 194.5877
19.82 194.5877
19.83 194.5877
19.84 194.5877
19.85 194.5877
19.86 194.5877
19.87 194.5877
19.88 194.5877
19.89 194.5877
19.90 194.5877
19.91 194.5877
19.92 194.5877
19.93 194.5877
19.94 194.5877
19.95 194.5877
19.96 194.5877
19.97 194.5877
19.98 194.5877
19.99 194.5877
20.00 195.2914
20.01 195.2914
20.02 195.2914
20.03 195.2914
20.04 195.2914
20.05 195.2914
20.06 195.2914
20.07 195.2914
20.08 194.5877
20.09 194.5877
20.10 194.5877
20.11 194.5877
20.12 194.5877
20.13 194.5877
20.14 194.5877
20.15 194.5877
20.16 194.5877
20.17 195.2914
20.18 195.2914
20.19 195.2914
20.20 195.2914
20.21 194.5877
20.22 194.5877
20.23 194.5877
20.24 194.5877
20.25 194.5877
20.26 194.5877
20.27 194.5877
20.28 194.5877
20.29 194.5877
20.30 194.5877
20.31 194.5877
20.32 194.5877
20.33 194.5877
20.34 194.5877
20.35 193.8864
20.36 193.8864
20.37 193.8864
20.38 193.8864
20.39 193.8864
20.40 193.8864
20.41 193.8864
20.42 193.8864
20.43 194.5877
20.44 194.5877
20.45 194.5877
20.46 195.2914
20.47 195.2914
20.48 195.9977
20.49 195.9977
20.50 195.9977
20.51 195.9977
20.52 195.9977
20.53 195.9977
20.54 195.9977
20.55 195.9977
20.56 195.9977
20.57 195.9977
20.58 195.9977
20.59 195.9977
20.60 195.9977
20.61 195.9977
20.62 195.9977
20.63 195.9977
20.64 195.9977
20.65 195.2914
20.66 195.2914
20.67 194.5877
20.68 194.5877
20.69 194.5877
20.70 194.5877
20.71 194.5877
20.72 194.5877
20.73 194.5877
20.74 194.5877
20.75 195.2914
20.76 195.2914
20.77 195.9977
20.78 195.9977
20.79 195.9977
20.80 195.9977
20.81 195.2914
20.82 195.2914
20.83 195.2914
20.84 195.2914
20.85 194.5877
20.86 194.5877
20.87 194.5877
20.88 194.5877
20.89 194.5877
20.90 194.5877
20.91 195.2914
20.92 195.2914
20.93 195.2914
20.94 195.2914
20.95 195.2914
20.96 195.9977
20.97 195.9977
20.98 195.9977
20.99 195.9977
21.00 195.9977
21.01 195.2914
21.02 194.5877
21.03 194.5877
21.04 194.5877
21.05 195.2914
21.06 195.2914
21.07 195.9977
21.08 200.2895
21.09 201.0139
21.10 201.0139
21.11 201.0139
21.12 0.0000
21.13 0.0000
21.14 0.0000
21.15 0.0000
21.16 0.0000
21.17 0.0000
21.18 0.0000
21.19 0.0000
21.20 0.0000
21.21 0.0000
21.22 0.0000
21.23 0.0000
21.24 0.0000
21.25 0.0000
21.26 0.0000
21.27 0.0000
21.28 0.0000
21.29 0.0000
21.30 0.0000
21.31 0.0000
21.32 0.0000
21.33 0.0000
21.34 0.0000
21.35 0.0000
21.36 0.0000
21.37 0.0000
21.38 0.0000
21.39 0.0000
21.40 0.0000
21.41 0.0000
21.42 0.0000
21.43 0.0000
21.44 0.0000
21.45 0.0000
21.46 0.0000
21.47 0.0000
21.48 0.0000
21.49 0.0000
21.50 0.0000
21.51 0.0000
21.52 0.0000
21.53 0.0000
21.54 0.0000
21.55 0.0000
21.56 0.0000
21.57 0.0000
21.58 0.0000
21.59 0.0000
21.60 0.0000
21.61 0.0000
21.62 0.0000
21.63 0.0000
21.64 0.0000
21.65 0.0000
21.66 0.0000
21.67 0.0000
21.68 0.0000
21.69 0.0000
