0.00 0.0000
0.01 0.0000
0.02 0.0000
0.03 0.0000
0.04 0.0000
0.05 0.0000
0.06 0.0000
0.07 0.0000
0.08 0.0000
0.09 0.0000
0.10 0.0000
0.11 0.0000
0.12 0.0000
0.13 0.0000
0.14 367.3326
0.15 367.3326
0.16 367.3326
0.17 367.3326
0.18 366.0088
0.19 364.6899
0.20 364.6899
0.21 364.6899
0.22 366.0088
0.23 367.3326
0.24 371.3326
0.25 383.5958
0.26 391.9954
0.27 394.8360
0.28 400.5790
0.29 404.9410
0.30 406.4056
0.31 406.4056
0.32 406.4056
0.33 406.4056
0.34 406.4056
0.35 406.4056
0.36 406.4056
0.37 406.4056
0.38 406.4056
0.39 406.4056
0.40 406.4056
0.41 406.4056
0.42 406.4056
0.43 407.8754
0.44 413.8081
0.45 413.8081
0.46 413.8081
0.47 412.3169
0.48 412.3169
0.49 412.3169
0.50 412.3169
0.51 413.8081
0.52 413.8081
0.53 413.8081
0.54 413.8081
0.55 413.8081
0.56 412.3169
0.57 412.3169
0.58 412.3169
0.59 410.8310
0.60 410.8310
0.61 410.8310
0.62 0.0000
0.63 0.0000
0.64 0.0000
0.65 0.0000
0.66 0.0000
0.67 0.0000
0.68 0.0000
0.69 0.0000
0.70 0.0000
0.71 0.0000
0.72 412.3169
0.73 412.3169
0.74 412.3169
0.75 412.3169
0.76 410.8310
0.77 410.8310
0.78 410.8310
0.79 410.8310
0.80 410.8310
0.81 410.8310
0.82 410.8310
0.83 409.3506
0.84 409.3506
0.85 409.3506
0.86 410.8310
0.87 410.8310
0.88 412.3169
0.89 412.3169
0.90 412.3169
0.91 412.3169
0.92 0.0000
0.93 0.0000
0.94 0.0000
0.95 0.0000
0.96 0.0000
0.97 0.0000
0.98 0.0000
0.99 0.0000
1.00 0.0000
1.01 0.0000
1.02 0.0000
1.03 0.0000
1.04 0.0000
1.05 355.5893
1.06 355.5893
1.07 355.5893
1.08 355.5893
1.09 355.5893
1.10 355.5893
1.11 355.5893
1.12 355.5893
1.13 356.8753
1.14 359.4614
1.15 367.3326
1.16 372.6756
1.17 383.5958
1.18 391.9954
1.19 394.8360
1.20 394.8360
1.21 394.8360
1.22 394.8360
1.23 394.8360
1.24 393.4132
1.25 393.4132
1.26 389.1753
1.27 387.7729
1.28 387.7729
1.29 387.7729
1.30 389.1753
1.31 391.9954
1.32 393.4132
1.33 394.8360
1.34 394.8360
1.35 394.8360
1.36 393.4132
1.37 391.9954
1.38 384.9831
1.39 378.0962
1.40 0.0000
1.41 0.0000
1.42 0.0000
1.43 0.0000
1.44 0.0000
1.45 0.0000
1.46 0.0000
1.47 0.0000
1.48 0.0000
1.49 0.0000
1.50 0.0000
1.51 0.0000
1.52 0.0000
1.53 0.0000
1.54 0.0000
1.55 0.0000
1.56 0.0000
1.57 0.0000
1.58 396.2640
1.59 396.2640
1.60 396.2640
1.61 394.8360
1.62 393.4132
1.63 391.9954
1.64 389.1753
1.65 389.1753
1.66 387.7729
1.67 387.7729
1.68 387.7729
1.69 387.7729
1.70 389.1753
1.71 389.1753
1.72 391.9954
1.73 391.9954
1.74 391.9954
1.75 0.0000
1.76 0.0000
1.77 0.0000
1.78 0.0000
1.79 0.0000
1.80 0.0000
1.81 0.0000
1.82 0.0000
1.83 0.0000
1.84 0.0000
1.85 0.0000
1.86 0.0000
1.87 0.0000
1.88 0.0000
1.89 0.0000
1.90 0.0000
1.91 0.0000
1.92 0.0000
1.93 0.0000
1.94 0.0000
1.95 0.0000
1.96 0.0000
1.97 0.0000
1.98 0.0000
1.99 0.0000
2.00 0.0000
2.01 0.0000
2.02 0.0000
2.03 0.0000
2.04 0.0000
2.05 0.0000
2.06 0.0000
2.07 0.0000
2.08 0.0000
2.09 351.7589
2.10 351.7589
2.11 351.7589
2.12 350.4913
2.13 349.2282
2.14 345.4663
2.15 345.4663
2.16 345.4663
2.17 347.9697
2.18 349.2282
2.19 355.5893
2.20 367.3326
2.21 371.3326
2.22 383.5958
2.23 386.3755
2.24 387.7729
2.25 387.7729
2.26 387.7729
2.27 384.9831
2.28 384.9831
2.29 0.0000
2.30 0.0000
2.31 0.0000
2.32 0.0000
2.33 0.0000
2.34 0.0000
2.35 0.0000
2.36 0.0000
2.37 0.0000
2.38 0.0000
2.39 0.0000
2.40 0.0000
2.41 0.0000
2.42 0.0000
2.43 358.1660
2.44 358.1660
2.45 358.1660
2.46 358.1660
2.47 356.8753
2.48 354.3079
2.49 354.3079
2.50 354.3079
2.51 353.0311
2.52 351.7589
2.53 350.4913
2.54 349.2282
2.55 349.2282
2.56 346.7158
2.57 345.4663
2.58 341.7450
2.59 335.6316
2.60 333.2170
2.61 332.0162
2.62 323.7309
2.63 320.2437
2.64 303.3630
2.65 303.3630
2.66 303.3630
2.67 310.0058
2.68 320.2437
2.69 320.2437
2.70 320.2437
2.71 320.2437
2.72 319.0897
2.73 319.0897
2.74 317.9398
2.75 317.9398
2.76 317.9398
2.77 317.9398
2.78 316.7940
2.79 0.0000
2.80 0.0000
2.81 0.0000
2.82 0.0000
2.83 0.0000
2.84 0.0000
2.85 0.0000
2.86 0.0000
2.87 0.0000
2.88 0.0000
2.89 0.0000
2.90 0.0000
2.91 0.0000
2.92 0.0000
2.93 0.0000
2.94 0.0000
2.95 0.0000
2.96 349.2282
2.97 349.2282
2.98 349.2282
2.99 349.2282
3.00 349.2282
3.01 347.9697
3.02 346.7158
3.03 344.2214
3.04 341.7450
3.05 340.5135
3.06 340.5135
3.07 340.5135
3.08 341.7450
3.09 341.7450
3.10 342.9810
3.11 345.4663
3.12 346.7158
3.13 346.7158
3.14 346.7158
3.15 346.7158
3.16 345.4663
3.17 344.2214
3.18 342.9810
3.19 341.7450
3.20 341.7450
3.21 341.7450
3.22 341.7450
3.23 341.7450
3.24 345.4663
3.25 349.2282
3.26 353.0311
3.27 353.0311
3.28 353.0311
3.29 351.7589
3.30 350.4913
3.31 346.7158
3.32 335.6316
3.33 333.2170
3.34 332.0162
3.35 332.0162
3.36 332.0162
3.37 332.0162
3.38 333.2170
3.39 341.7450
3.40 347.9697
3.41 350.4913
3.42 350.4913
3.43 350.4913
3.44 350.4913
3.45 349.2282
3.46 349.2282
3.47 346.7158
3.48 345.4663
3.49 345.4663
3.50 345.4663
3.51 346.7158
3.52 347.9697
3.53 349.2282
3.54 350.4913
3.55 350.4913
3.56 350.4913
3.57 349.2282
3.58 349.2282
3.59 349.2282
3.60 0.0000
3.61 0.0000
3.62 0.0000
3.63 0.0000
3.64 0.0000
3.65 0.0000
3.66 0.0000
3.67 0.0000
3.68 0.0000
3.69 0.0000
3.70 0.0000
3.71 0.0000
3.72 0.0000
3.73 0.0000
3.74 0.0000
3.75 0.0000
3.76 0.0000
3.77 0.0000
3.78 0.0000
3.79 0.0000
3.80 0.0000
3.81 0.0000
3.82 0.0000
3.83 0.0000
3.84 0.0000
3.85 0.0000
3.86 0.0000
3.87 0.0000
3.88 0.0000
3.89 0.0000
3.90 0.0000
3.91 0.0000
3.92 0.0000
3.93 0.0000
3.94 0.0000
3.95 0.0000
3.96 0.0000
3.97 0.0000
3.98 0.0000
3.99 0.0000
4.00 0.0000
4.01 0.0000
4.02 0.0000
4.03 0.0000
4.04 0.0000
4.05 0.0000
4.06 0.0000
4.07 0.0000
4.08 0.0000
4.09 0.0000
4.10 0.0000
4.11 0.0000
4.12 0.0000
4.13 0.0000
4.14 0.0000
4.15 0.0000
4.16 0.0000
4.17 0.0000
4.18 0.0000
4.19 0.0000
4.20 0.0000
4.21 0.0000
4.22 0.0000
4.23 0.0000
4.24 0.0000
4.25 0.0000
4.26 0.0000
4.27 0.0000
4.28 0.0000
4.29 0.0000
4.30 0.0000
4.31 0.0000
4.32 0.0000
4.33 0.0000
4.34 0.0000
4.35 0.0000
4.36 0.0000
4.37 0.0000
4.38 0.0000
4.39 0.0000
4.40 0.0000
4.41 0.0000
4.42 0.0000
4.43 0.0000
4.44 0.0000
4.45 0.0000
4.46 0.0000
4.47 0.0000
4.48 0.0000
4.49 0.0000
4.50 0.0000
4.51 0.0000
4.52 0.0000
4.53 0.0000
4.54 0.0000
4.55 0.0000
4.56 0.0000
4.57 0.0000
4.58 0.0000
4.59 376.7337
4.60 378.0962
4.61 379.4637
4.62 383.5958
4.63 384.9831
4.64 391.9954
4.65 393.4132
4.66 394.8360
4.67 396.2640
4.68 399.1355
4.69 399.1355
4.70 400.5790
4.71 400.5790
4.72 402.0278
4.73 402.0278
4.74 402.0278
4.75 406.4056
4.76 406.4056
4.77 406.4056
4.78 406.4056
4.79 406.4056
4.80 407.8754
4.81 407.8754
4.82 410.8310
4.83 415.3047
4.84 416.8067
4.85 418.3142
4.86 419.8271
4.87 419.8271
4.88 419.8271
4.89 421.3454
4.90 421.3454
4.91 421.3454
4.92 421.3454
4.93 421.3454
4.94 421.3454
4.95 421.3454
4.96 421.3454
4.97 419.8271
4.98 418.3142
4.99 416.8067
5.00 415.3047
5.01 415.3047
5.02 0.0000
5.03 0.0000
5.04 0.0000
5.05 0.0000
5.06 0.0000
5.07 0.0000
5.08 0.0000
5.09 0.0000
5.10 0.0000
5.11 0.0000
5.12 0.0000
5.13 410.8310
5.14 410.8310
5.15 412.3169
5.16 412.3169
5.17 412.3169
5.18 412.3169
5.19 412.3169
5.20 412.3169
5.21 412.3169
5.22 412.3169
5.23 410.8310
5.24 410.8310
5.25 410.8310
5.26 410.8310
5.27 416.8067
5.28 418.3142
5.29 418.3142
5.30 418.3142
5.31 416.8067
5.32 0.0000
5.33 0.0000
5.34 0.0000
5.35 0.0000
5.36 0.0000
5.37 362.0662
5.38 362.0662
5.39 362.0662
5.40 362.0662
5.41 362.0662
5.42 362.0662
5.43 362.0662
5.44 362.0662
5.45 362.0662
5.46 362.0662
5.47 362.0662
5.48 360.7615
5.49 359.4614
5.50 358.1660
5.51 358.1660
5.52 358.1660
5.53 358.1660
5.54 359.4614
5.55 360.7615
5.56 367.3326
5.57 371.3326
5.58 383.5958
5.59 384.9831
5.60 393.4132
5.61 394.8360
5.62 394.8360
5.63 394.8360
5.64 394.8360
5.65 393.4132
5.66 387.7729
5.67 384.9831
5.68 384.9831
5.69 383.5958
5.70 383.5958
5.71 383.5958
5.72 387.7729
5.73 393.4132
5.74 393.4132
5.75 393.4132
5.76 393.4132
5.77 391.9954
5.78 387.7729
5.79 387.7729
5.80 387.7729
5.81 387.7729
5.82 387.7729
5.83 387.7729
5.84 387.7729
5.85 386.3755
5.86 384.9831
5.87 384.9831
5.88 0.0000
5.89 0.0000
5.90 0.0000
5.91 0.0000
5.92 0.0000
5.93 0.0000
5.94 0.0000
5.95 0.0000
5.96 0.0000
5.97 393.4132
5.98 393.4132
5.99 393.4132
6.00 391.9954
6.01 389.1753
6.02 387.7729
6.03 387.7729
6.04 387.7729
6.05 387.7729
6.06 387.7729
6.07 387.7729
6.08 387.7729
6.09 387.7729
6.10 387.7729
6.11 390.5828
6.12 391.9954
6.13 391.9954
6.14 391.9954
6.15 390.5828
6.16 387.7729
6.17 384.9831
6.18 384.9831
6.19 384.9831
6.20 0.0000
6.21 0.0000
6.22 0.0000
6.23 0.0000
6.24 0.0000
6.25 0.0000
6.26 0.0000
6.27 0.0000
6.28 0.0000
6.29 0.0000
6.30 0.0000
6.31 0.0000
6.32 0.0000
6.33 0.0000
6.34 0.0000
6.35 0.0000
6.36 0.0000
6.37 0.0000
6.38 0.0000
6.39 0.0000
6.40 0.0000
6.41 0.0000
6.42 0.0000
6.43 0.0000
6.44 0.0000
6.45 0.0000
6.46 0.0000
6.47 0.0000
6.48 0.0000
6.49 0.0000
6.50 0.0000
6.51 0.0000
6.52 0.0000
6.53 0.0000
6.54 0.0000
6.55 351.7589
6.56 351.7589
6.57 351.7589
6.58 351.7589
6.59 351.7589
6.60 353.0311
6.61 358.1660
6.62 367.3326
6.63 371.3326
6.64 383.5958
6.65 383.5958
6.66 383.5958
6.67 0.0000
6.68 0.0000
6.69 0.0000
6.70 0.0000
6.71 0.0000
6.72 0.0000
6.73 0.0000
6.74 0.0000
6.75 0.0000
6.76 0.0000
6.77 0.0000
6.78 0.0000
6.79 0.0000
6.80 0.0000
6.81 0.0000
6.82 0.0000
6.83 0.0000
6.84 362.0662
6.85 362.0662
6.86 362.0662
6.87 359.4614
6.88 358.1660
6.89 358.1660
6.90 358.1660
6.91 358.1660
6.92 359.4614
6.93 360.7615
6.94 362.0662
6.95 362.0662
6.96 362.0662
6.97 362.0662
6.98 362.0662
6.99 360.7615
7.00 359.4614
7.01 355.5893
7.02 0.0000
7.03 0.0000
7.04 0.0000
7.05 0.0000
7.06 0.0000
7.07 0.0000
7.08 0.0000
7.09 0.0000
7.10 312.2522
7.11 312.2522
7.12 312.2522
7.13 312.2522
7.14 311.1270
7.15 310.0058
7.16 308.8886
7.17 303.3630
7.18 0.0000
7.19 0.0000
7.20 0.0000
7.21 0.0000
7.22 0.0000
7.23 0.0000
7.24 0.0000
7.25 0.0000
7.26 0.0000
7.27 0.0000
7.28 0.0000
7.29 0.0000
7.30 0.0000
7.31 0.0000
7.32 0.0000
7.33 0.0000
7.34 0.0000
7.35 0.0000
7.36 0.0000
7.37 0.0000
7.38 0.0000
7.39 0.0000
7.40 316.7940
7.41 316.7940
7.42 316.7940
7.43 314.5149
7.44 314.5149
7.45 314.5149
7.46 314.5149
7.47 314.5149
7.48 315.6524
7.49 316.7940
7.50 317.9398
7.51 320.2437
7.52 332.0162
7.53 333.2170
7.54 341.7450
7.55 355.5893
7.56 360.7615
7.57 363.3757
7.58 363.3757
7.59 363.3757
7.60 360.7615
7.61 359.4614
7.62 351.7589
7.63 349.2282
7.64 345.4663
7.65 345.4663
7.66 345.4663
7.67 349.2282
7.68 350.4913
7.69 362.0662
7.70 362.0662
7.71 362.0662
7.72 362.0662
7.73 362.0662
7.74 362.0662
7.75 359.4614
7.76 359.4614
7.77 355.5893
7.78 351.7589
7.79 350.4913
7.80 349.2282
7.81 0.0000
7.82 0.0000
7.83 0.0000
7.84 362.0662
7.85 367.3326
7.86 367.3326
7.87 367.3326
7.88 0.0000
7.89 0.0000
7.90 0.0000
7.91 0.0000
7.92 0.0000
7.93 0.0000
7.94 0.0000
7.95 0.0000
7.96 0.0000
7.97 0.0000
7.98 0.0000
7.99 0.0000
8.00 0.0000
8.01 0.0000
8.02 0.0000
8.03 0.0000
8.04 0.0000
8.05 0.0000
8.06 0.0000
8.07 0.0000
8.08 0.0000
8.09 0.0000
8.10 0.0000
8.11 0.0000
8.12 0.0000
8.13 0.0000
8.14 0.0000
8.15 0.0000
8.16 0.0000
8.17 0.0000
8.18 0.0000
8.19 0.0000
8.20 0.0000
8.21 0.0000
8.22 0.0000
8.23 0.0000
8.24 0.0000
8.25 0.0000
8.26 0.0000
8.27 0.0000
8.28 0.0000
8.29 0.0000
8.30 0.0000
8.31 0.0000
8.32 0.0000
8.33 0.0000
8.34 0.0000
8.35 0.0000
8.36 0.0000
8.37 0.0000
8.38 0.0000
8.39 0.0000
8.40 0.0000
8.41 0.0000
8.42 0.0000
8.43 0.0000
8.44 0.0000
8.45 256.9454
8.46 256.9454
8.47 258.8073
8.48 260.6828
8.49 263.5214
8.50 263.5214
8.51 263.5214
8.52 263.5214
8.53 263.5214
8.54 262.5718
8.55 262.5718
8.56 262.5718
8.57 262.5718
8.58 261.6256
8.59 260.6828
8.60 260.6828
8.61 260.6828
8.62 260.6828
8.63 0.0000
8.64 0.0000
8.65 0.0000
8.66 0.0000
8.67 0.0000
8.68 0.0000
8.69 0.0000
8.70 0.0000
8.71 0.0000
8.72 0.0000
8.73 0.0000
8.74 0.0000
8.75 0.0000
8.76 0.0000
8.77 0.0000
8.78 0.0000
8.79 0.0000
8.80 0.0000
8.81 0.0000
8.82 0.0000
8.83 0.0000
8.84 0.0000
8.85 0.0000
8.86 0.0000
8.87 0.0000
8.88 0.0000
8.89 0.0000
8.90 0.0000
8.91 0.0000
8.92 0.0000
8.93 0.0000
8.94 0.0000
8.95 0.0000
8.96 0.0000
8.97 208.4034
8.98 208.4034
8.99 208.4034
9.00 208.4034
9.01 208.4034
9.02 206.1584
9.03 206.1584
9.04 206.1584
9.05 207.6523
9.06 208.4034
9.07 208.4034
9.08 208.4034
9.09 208.4034
9.10 208.4034
9.11 208.4034
9.12 208.4034
9.13 207.6523
9.14 207.6523
9.15 0.0000
9.16 0.0000
9.17 0.0000
9.18 0.0000
9.19 0.0000
9.20 0.0000
9.21 0.0000
9.22 0.0000
9.23 0.0000
9.24 0.0000
9.25 0.0000
9.26 0.0000
9.27 0.0000
9.28 0.0000
9.29 0.0000
9.30 0.0000
9.31 0.0000
9.32 0.0000
9.33 0.0000
9.34 0.0000
9.35 0.0000
9.36 0.0000
9.37 208.4034
9.38 208.4034
9.39 208.4034
9.40 209.1571
9.41 209.1571
9.42 209.1571
9.43 209.1571
9.44 208.4034
9.45 208.4034
9.46 207.6523
9.47 206.9040
9.48 206.9040
9.49 206.9040
9.50 206.9040
9.51 208.4034
9.52 208.4034
9.53 211.4347
9.54 217.6302
9.55 217.6302
9.56 217.6302
9.57 217.6302
9.58 211.4347
9.59 208.4034
9.60 208.4034
9.61 201.0139
9.62 201.0139
9.63 201.0139
9.64 201.0139
9.65 201.0139
9.66 208.4034
9.67 208.4034
9.68 211.4347
9.69 211.4347
9.70 211.4347
9.71 211.4347
9.72 208.4034
9.73 206.9040
9.74 206.9040
9.75 206.9040
9.76 206.9040
9.77 206.9040
9.78 206.9040
9.79 206.9040
9.80 207.6523
9.81 207.6523
9.82 207.6523
9.83 207.6523
9.84 208.4034
9.85 208.4034
9.86 208.4034
9.87 0.0000
9.88 0.0000
9.89 0.0000
9.90 0.0000
9.91 0.0000
9.92 0.0000
9.93 0.0000
9.94 0.0000
9.95 0.0000
9.96 0.0000
9.97 0.0000
9.98 0.0000
9.99 0.0000
10.00 0.0000
10.01 0.0000
10.02 0.0000
10.03 0.0000
10.04 0.0000
10.05 0.0000
10.06 0.0000
10.07 0.0000
10.08 0.0000
10.09 0.0000
10.10 0.0000
10.11 0.0000
10.12 0.0000
10.13 0.0000
10.14 0.0000
10.15 0.0000
10.16 0.0000
10.17 0.0000
10.18 0.0000
10.19 0.0000
10.20 0.0000
10.21 0.0000
10.22 0.0000
10.23 0.0000
10.24 0.0000
10.25 0.0000
10.26 0.0000
10.27 0.0000
10.28 0.0000
10.29 0.0000
10.30 0.0000
10.31 0.0000
10.32 0.0000
10.33 0.0000
10.34 0.0000
10.35 0.0000
10.36 0.0000
10.37 0.0000
10.38 0.0000
10.39 0.0000
10.40 0.0000
10.41 0.0000
10.42 0.0000
10.43 0.0000
10.44 0.0000
10.45 0.0000
10.46 0.0000
10.47 0.0000
10.48 0.0000
10.49 0.0000
10.50 0.0000
10.51 0.0000
10.52 0.0000
10.53 0.0000
10.54 0.0000
10.55 0.0000
10.56 0.0000
10.57 0.0000
10.58 0.0000
10.59 0.0000
10.60 0.0000
10.61 0.0000
10.62 0.0000
10.63 0.0000
10.64 0.0000
10.65 0.0000
10.66 0.0000
10.67 0.0000
10.68 0.0000
10.69 0.0000
10.70 0.0000
10.71 0.0000
10.72 0.0000
10.73 0.0000
10.74 0.0000
10.75 0.0000
10.76 0.0000
10.77 0.0000
10.78 0.0000
10.79 0.0000
10.80 0.0000
10.81 0.0000
10.82 0.0000
10.83 0.0000
10.84 0.0000
10.85 0.0000
10.86 0.0000
10.87 0.0000
10.88 0.0000
10.89 0.0000
10.90 0.0000
10.91 0.0000
10.92 0.0000
10.93 0.0000
10.94 0.0000
10.95 0.0000
10.96 0.0000
10.97 0.0000
10.98 0.0000
10.99 200.2895
11.00 200.2895
11.01 201.0139
11.02 201.0139
11.03 201.0139
11.04 200.2895
11.05 200.2895
11.06 200.2895
11.07 201.0139
11.08 201.0139
11.09 201.0139
11.10 207.6523
11.11 211.4347
11.12 217.6302
11.13 219.2072
11.14 219.2072
11.15 222.3956
11.16 225.6305
11.17 233.0819
11.18 233.9249
11.19 233.9249
11.20 233.9249
11.21 233.9249
11.22 233.9249
11.23 233.9249
11.24 233.9249
11.25 233.0819
11.26 233.0819
11.27 233.0819
11.28 233.0819
11.29 233.0819
11.30 233.0819
11.31 233.0819
11.32 233.0819
11.33 233.0819
11.34 233.9249
11.35 233.9249
11.36 233.9249
11.37 233.0819
11.38 233.0819
11.39 0.0000
11.40 0.0000
11.41 0.0000
11.42 0.0000
11.43 0.0000
11.44 0.0000
11.45 0.0000
11.46 0.0000
11.47 0.0000
11.48 0.0000
11.49 0.0000
11.50 0.0000
11.51 0.0000
11.52 0.0000
11.53 0.0000
11.54 0.0000
11.55 211.4347
11.56 211.4347
11.57 211.4347
11.58 207.6523
11.59 201.0139
11.60 201.0139
11.61 201.0139
11.62 201.0139
11.63 201.0139
11.64 201.0139
11.65 207.6523
11.66 218.4173
11.67 218.4173
11.68 218.4173
11.69 218.4173
11.70 217.6302
11.71 211.4347
11.72 208.4034
11.73 208.4034
11.74 0.0000
11.75 0.0000
11.76 0.0000
11.77 0.0000
11.78 0.0000
11.79 0.0000
11.80 0.0000
11.81 0.0000
11.82 0.0000
11.83 0.0000
11.84 0.0000
11.85 0.0000
11.86 0.0000
11.87 0.0000
11.88 0.0000
11.89 0.0000
11.90 0.0000
11.91 0.0000
11.92 0.0000
11.93 0.0000
11.94 0.0000
11.95 0.0000
11.96 0.0000
11.97 0.0000
11.98 0.0000
11.99 0.0000
12.00 0.0000
12.01 0.0000
12.02 0.0000
12.03 0.0000
12.04 0.0000
12.05 0.0000
12.06 0.0000
12.07 0.0000
12.08 0.0000
12.09 201.0139
12.10 201.0139
12.11 201.0139
12.12 207.6523
12.13 209.1571
12.14 209.9135
12.15 209.9135
12.16 209.9135
12.17 209.1571
12.18 207.6523
12.19 206.9040
12.20 206.9040
12.21 206.9040
12.22 206.9040
12.23 206.9040
12.24 206.9040
12.25 206.9040
12.26 209.1571
12.27 219.2072
12.28 236.4721
12.29 236.4721
12.30 236.4721
12.31 236.4721
12.32 235.6200
12.33 233.9249
12.34 233.0819
12.35 232.2419
12.36 232.2419
12.37 232.2419
12.38 232.2419
12.39 232.2419
12.40 0.0000
12.41 0.0000
12.42 0.0000
12.43 0.0000
12.44 0.0000
12.45 0.0000
12.46 0.0000
12.47 0.0000
12.48 0.0000
12.49 0.0000
12.50 0.0000
12.51 0.0000
12.52 0.0000
12.53 0.0000
12.54 0.0000
12.55 0.0000
12.56 0.0000
12.57 0.0000
12.58 0.0000
12.59 0.0000
12.60 0.0000
12.61 0.0000
12.62 0.0000
12.63 0.0000
12.64 0.0000
12.65 0.0000
12.66 208.4034
12.67 212.1993
12.68 212.1993
12.69 212.1993
12.70 212.1993
12.71 212.1993
12.72 211.4347
12.73 211.4347
12.74 209.9135
12.75 208.4034
12.76 206.9040
12.77 201.0139
12.78 201.0139
12.79 201.0139
12.80 201.0139
12.81 207.6523
12.82 208.4034
12.83 211.4347
12.84 212.1993
12.85 212.1993
12.86 212.1993
12.87 212.1993
12.88 212.1993
12.89 209.1571
12.90 206.9040
12.91 205.4155
12.92 203.9377
12.93 203.9377
12.94 203.9377
12.95 205.4155
12.96 206.1584
12.97 206.9040
12.98 208.4034
12.99 209.9135
13.00 209.9135
13.01 209.9135
13.02 209.1571
13.03 209.1571
13.04 207.6523
13.05 206.9040
13.06 206.9040
13.07 0.0000
13.08 0.0000
13.09 0.0000
13.10 0.0000
13.11 0.0000
13.12 0.0000
13.13 0.0000
13.14 0.0000
13.15 0.0000
13.16 0.0000
13.17 0.0000
13.18 0.0000
13.19 0.0000
13.20 0.0000
13.21 0.0000
13.22 0.0000
13.23 0.0000
13.24 169.0319
13.25 169.6432
13.26 171.4905
13.27 171.4905
13.28 172.1107
13.29 175.2456
13.30 175.2456
13.31 175.8794
13.32 176.5155
13.33 177.7946
13.34 179.7307
13.35 183.0044
13.36 184.3305
13.37 184.9972
13.38 192.4916
13.39 194.5877
13.40 200.2895
13.41 200.2895
13.42 200.2895
13.43 200.2895
13.44 0.0000
13.45 0.0000
13.46 0.0000
13.47 0.0000
13.48 0.0000
13.49 0.0000
13.50 0.0000
13.51 0.0000
13.52 0.0000
13.53 198.1320
13.54 198.8486
13.55 198.8486
13.56 199.5677
13.57 200.2895
13.58 200.2895
13.59 200.2895
13.60 0.0000
13.61 0.0000
13.62 0.0000
13.63 0.0000
13.64 0.0000
13.65 0.0000
13.66 0.0000
13.67 0.0000
13.68 0.0000
13.69 0.0000
13.70 0.0000
13.71 0.0000
13.72 0.0000
13.73 0.0000
13.74 0.0000
13.75 0.0000
13.76 0.0000
13.77 0.0000
13.78 0.0000
13.79 0.0000
13.80 0.0000
13.81 0.0000
13.82 0.0000
13.83 0.0000
13.84 0.0000
13.85 0.0000
13.86 0.0000
13.87 171.4905
13.88 171.4905
13.89 172.1107
13.90 172.1107
13.91 172.1107
13.92 172.1107
13.93 172.1107
13.94 172.1107
13.95 175.2456
13.96 175.2456
13.97 175.2456
13.98 175.8794
13.99 175.8794
14.00 175.8794
14.01 175.2456
14.02 174.6141
14.03 174.6141
14.04 172.1107
14.05 171.4905
14.06 171.4905
14.07 171.4905
14.08 171.4905
14.09 172.1107
14.10 174.6141
14.11 174.6141
14.12 174.6141
14.13 174.6141
14.14 174.6141
14.15 174.6141
14.16 172.1107
14.17 171.4905
14.18 171.4905
14.19 171.4905
14.20 0.0000
14.21 0.0000
14.22 0.0000
14.23 0.0000
14.24 0.0000
14.25 0.0000
14.26 0.0000
14.27 0.0000
14.28 0.0000
14.29 0.0000
14.30 0.0000
14.31 0.0000
14.32 0.0000
14.33 0.0000
14.34 0.0000
14.35 0.0000
14.36 0.0000
14.37 0.0000
14.38 0.0000
14.39 0.0000
14.40 0.0000
14.41 0.0000
14.42 0.0000
14.43 0.0000
14.44 0.0000
14.45 0.0000
14.46 0.0000
14.47 0.0000
14.48 0.0000
14.49 0.0000
14.50 0.0000
14.51 0.0000
14.52 0.0000
14.53 0.0000
14.54 0.0000
14.55 0.0000
14.56 0.0000
14.57 0.0000
14.58 0.0000
14.59 0.0000
14.60 0.0000
14.61 0.0000
14.62 0.0000
14.63 0.0000
14.64 0.0000
14.65 0.0000
14.66 0.0000
14.67 0.0000
14.68 0.0000
14.69 0.0000
14.70 0.0000
14.71 0.0000
14.72 0.0000
14.73 0.0000
14.74 0.0000
14.75 0.0000
14.76 0.0000
14.77 0.0000
14.78 0.0000
14.79 0.0000
14.80 0.0000
14.81 0.0000
14.82 0.0000
14.83 0.0000
14.84 0.0000
14.85 0.0000
14.86 0.0000
14.87 0.0000
14.88 0.0000
14.89 0.0000
14.90 0.0000
14.91 0.0000
14.92 0.0000
14.93 0.0000
14.94 0.0000
14.95 0.0000
14.96 0.0000
14.97 0.0000
14.98 0.0000
14.99 0.0000
15.00 0.0000
15.01 0.0000
15.02 0.0000
15.03 0.0000
15.04 0.0000
15.05 0.0000
15.06 0.0000
15.07 0.0000
15.08 0.0000
15.09 0.0000
15.10 0.0000
15.11 0.0000
15.12 0.0000
15.13 0.0000
15.14 0.0000
15.15 0.0000
15.16 0.0000
15.17 0.0000
15.18 0.0000
15.19 0.0000
15.20 0.0000
15.21 0.0000
15.22 0.0000
15.23 0.0000
15.24 0.0000
15.25 0.0000
15.26 0.0000
15.27 0.0000
15.28 0.0000
15.29 0.0000
15.30 0.0000
15.31 0.0000
15.32 0.0000
15.33 0.0000
15.34 0.0000
15.35 0.0000
15.36 0.0000
15.37 0.0000
15.38 0.0000
15.39 0.0000
15.40 0.0000
15.41 0.0000
15.42 0.0000
15.43 0.0000
15.44 0.0000
15.45 0.0000
15.46 0.0000
15.47 0.0000
15.48 0.0000
15.49 0.0000
15.50 0.0000
15.51 0.0000
15.52 0.0000
15.53 0.0000
15.54 0.0000
15.55 0.0000
15.56 0.0000
15.57 0.0000
15.58 0.0000
15.59 0.0000
15.60 0.0000
15.61 0.0000
15.62 0.0000
15.63 0.0000
15.64 0.0000
15.65 0.0000
15.66 0.0000
15.67 0.0000
15.68 0.0000
15.69 0.0000
15.70 0.0000
15.71 0.0000
15.72 0.0000
15.73 0.0000
15.74 0.0000
15.75 0.0000
15.76 0.0000
15.77 0.0000
15.78 0.0000
15.79 0.0000
15.80 0.0000
15.81 0.0000
15.82 0.0000
15.83 0.0000
15.84 0.0000
15.85 0.0000
15.86 0.0000
15.87 0.0000
15.88 0.0000
15.89 0.0000
15.90 0.0000
15.91 0.0000
15.92 0.0000
15.93 0.0000
15.94 0.0000
15.95 0.0000
15.96 0.0000
15.97 0.0000
15.98 0.0000
15.99 0.0000
16.00 0.0000
16.01 0.0000
16.02 0.0000
16.03 0.0000
16.04 0.0000
16.05 0.0000
16.06 0.0000
16.07 0.0000
16.08 0.0000
16.09 0.0000
16.10 0.0000
16.11 0.0000
16.12 0.0000
16.13 0.0000
16.14 0.0000
16.15 0.0000
16.16 0.0000
16.17 0.0000
16.18 0.0000
16.19 0.0000
16.20 0.0000
16.21 0.0000
16.22 0.0000
16.23 0.0000
16.24 0.0000
16.25 0.0000
16.26 0.0000
16.27 0.0000
16.28 0.0000
16.29 0.0000
16.30 0.0000
16.31 0.0000
16.32 0.0000
16.33 0.0000
16.34 0.0000
16.35 0.0000
16.36 0.0000
16.37 0.0000
16.38 0.0000
16.39 0.0000
16.40 0.0000
16.41 0.0000
16.42 0.0000
16.43 0.0000
16.44 0.0000
16.45 0.0000
16.46 0.0000
16.47 0.0000
16.48 0.0000
16.49 0.0000
16.50 0.0000
16.51 0.0000
16.52 0.0000
16.53 0.0000
16.54 0.0000
16.55 0.0000
16.56 0.0000
16.57 0.0000
16.58 0.0000
16.59 0.0000
16.60 0.0000
16.61 0.0000
16.62 0.0000
16.63 0.0000
16.64 0.0000
16.65 0.0000
16.66 0.0000
16.67 0.0000
16.68 0.0000
16.69 0.0000
16.70 0.0000
16.71 0.0000
16.72 0.0000
16.73 0.0000
16.74 0.0000
16.75 0.0000
16.76 0.0000
16.77 0.0000
16.78 0.0000
16.79 0.0000
16.80 0.0000
16.81 0.0000
16.82 0.0000
16.83 0.0000
16.84 0.0000
16.85 0.0000
16.86 0.0000
16.87 0.0000
16.88 0.0000
16.89 0.0000
16.90 0.0000
16.91 0.0000
16.92 0.0000
16.93 0.0000
16.94 0.0000
16.95 0.0000
16.96 0.0000
16.97 0.0000
16.98 0.0000
16.99 0.0000
17.00 0.0000
17.01 0.0000
17.02 0.0000
17.03 0.0000
17.04 0.0000
17.05 0.0000
17.06 0.0000
17.07 0.0000
17.08 0.0000
17.09 0.0000
17.10 0.0000
17.11 0.0000
17.12 0.0000
17.13 0.0000
17.14 0.0000
17.15 0.0000
17.16 0.0000
17.17 0.0000
17.18 0.0000
17.19 0.0000
17.20 0.0000
17.21 0.0000
17.22 0.0000
17.23 0.0000
17.24 0.0000
17.25 0.0000
17.26 0.0000
17.27 0.0000
17.28 0.0000
17.29 0.0000
17.30 0.0000
17.31 0.0000
17.32 0.0000
17.33 0.0000
17.34 0.0000
17.35 0.0000
17.36 0.0000
17.37 0.0000
17.38 0.0000
17.39 0.0000
17.40 0.0000
17.41 0.0000
17.42 0.0000
17.43 0.0000
17.44 0.0000
17.45 0.0000
17.46 0.0000
17.47 0.0000
17.48 0.0000
17.49 0.0000
17.50 0.0000
17.51 0.0000
17.52 0.0000
17.53 0.0000
17.54 0.0000
17.55 0.0000
17.56 0.0000
17.57 0.0000
17.58 0.0000
17.59 0.0000
17.60 0.0000
17.61 0.0000
17.62 0.0000
17.63 0.0000
17.64 0.0000
17.65 0.0000
17.66 0.0000
17.67 0.0000
17.68 0.0000
17.69 0.0000
17.70 0.0000
17.71 0.0000
17.72 0.0000
17.73 0.0000
17.74 0.0000
17.75 0.0000
17.76 0.0000
17.77 0.0000
17.78 0.0000
17.79 0.0000
17.80 0.0000
17.81 0.0000
17.82 0.0000
17.83 0.0000
17.84 0.0000
17.85 0.0000
17.86 0.0000
17.87 0.0000
17.88 0.0000
17.89 0.0000
17.90 0.0000
17.91 0.0000
17.92 332.0162
17.93 332.0162
17.94 333.2170
17.95 349.2282
17.96 355.5893
17.97 362.0662
17.98 362.0662
17.99 363.3757
18.00 363.3757
18.01 363.3757
18.02 367.3326
18.03 368.6611
18.04 372.6756
18.05 383.5958
18.06 391.9954
18.07 394.8360
18.08 400.5790
18.09 402.0278
18.10 404.9410
18.11 404.9410
18.12 404.9410
18.13 404.9410
18.14 400.5790
18.15 397.6971
18.16 0.0000
18.17 0.0000
18.18 0.0000
18.19 0.0000
18.20 0.0000
18.21 0.0000
18.22 415.3047
18.23 415.3047
18.24 415.3047
18.25 415.3047
18.26 416.8067
18.27 416.8067
18.28 416.8067
18.29 418.3142
18.30 418.3142
18.31 419.8271
18.32 419.8271
18.33 419.8271
18.34 418.3142
18.35 418.3142
18.36 418.3142
18.37 415.3047
18.38 412.3169
18.39 410.8310
18.40 0.0000
18.41 0.0000
18.42 0.0000
18.43 0.0000
18.44 0.0000
18.45 0.0000
18.46 0.0000
18.47 0.0000
18.48 412.3169
18.49 415.3047
18.50 416.8067
18.51 416.8067
18.52 416.8067
18.53 416.8067
18.54 415.3047
18.55 415.3047
18.56 415.3047
18.57 413.8081
18.58 412.3169
18.59 410.8310
18.60 0.0000
18.61 0.0000
18.62 0.0000
18.63 0.0000
18.64 0.0000
18.65 0.0000
18.66 0.0000
18.67 0.0000
18.68 0.0000
18.69 0.0000
18.70 0.0000
18.71 0.0000
18.72 0.0000
18.73 0.0000
18.74 0.0000
18.75 0.0000
18.76 362.0662
18.77 362.0662
18.78 362.0662
18.79 360.7615
18.80 359.4614
18.81 358.1660
18.82 356.8753
18.83 356.8753
18.84 356.8753
18.85 359.4614
18.86 360.7615
18.87 367.3326
18.88 371.3326
18.89 378.0962
18.90 391.9954
18.91 393.4132
18.92 394.8360
18.93 394.8360
18.94 394.8360
18.95 393.4132
18.96 391.9954
18.97 386.3755
18.98 383.5958
18.99 383.5958
19.00 383.5958
19.01 383.5958
19.02 384.9831
19.03 387.7729
19.04 394.8360
19.05 399.1355
19.06 399.1355
19.07 399.1355
19.08 399.1355
19.09 399.1355
19.10 394.8360
19.11 393.4132
19.12 391.9954
19.13 391.9954
19.14 391.9954
19.15 391.9954
19.16 393.4132
19.17 394.8360
19.18 399.1355
19.19 404.9410
19.20 404.9410
19.21 404.9410
19.22 402.0278
19.23 402.0278
19.24 399.1355
19.25 396.2640
19.26 394.8360
19.27 394.8360
19.28 393.4132
19.29 393.4132
19.30 393.4132
19.31 393.4132
19.32 0.0000
19.33 0.0000
19.34 0.0000
19.35 0.0000
19.36 0.0000
19.37 0.0000
19.38 0.0000
19.39 0.0000
19.40 0.0000
19.41 0.0000
19.42 0.0000
19.43 0.0000
19.44 0.0000
19.45 0.0000
19.46 0.0000
19.47 0.0000
19.48 0.0000
19.49 0.0000
19.50 0.0000
19.51 0.0000
19.52 0.0000
19.53 0.0000
19.54 0.0000
19.55 0.0000
19.56 0.0000
19.57 0.0000
19.58 0.0000
19.59 0.0000
19.60 0.0000
19.61 0.0000
19.62 0.0000
19.63 0.0000
19.64 0.0000
19.65 0.0000
19.66 0.0000
19.67 0.0000
19.68 0.0000
19.69 0.0000
19.70 0.0000
19.71 0.0000
19.72 0.0000
19.73 0.0000
19.74 0.0000
19.75 0.0000
19.76 0.0000
19.77 0.0000
19.78 0.0000
19.79 0.0000
19.80 0.0000
19.81 0.0000
19.82 0.0000
19.83 0.0000
19.84 0.0000
19.85 0.0000
19.86 0.0000
19.87 0.0000
19.88 0.0000
19.89 362.0662
19.90 362.0662
19.91 362.0662
19.92 360.7615
19.93 359.4614
19.94 358.1660
19.95 358.1660
19.96 358.1660
19.97 359.4614
19.98 360.7615
19.99 367.3326
20.00 368.6611
20.01 378.0962
20.02 384.9831
20.03 393.4132
20.04 394.8360
20.05 396.2640
20.06 396.2640
20.07 396.2640
20.08 396.2640
20.09 396.2640
20.10 394.8360
20.11 394.8360
20.12 394.8360
20.13 393.4132
20.14 393.4132
20.15 387.7729
20.16 384.9831
20.17 376.7337
20.18 376.7337
20.19 367.3326
20.20 350.4913
20.21 349.2282
20.22 349.2282
20.23 349.2282
20.24 350.4913
20.25 351.7589
20.26 351.7589
20.27 351.7589
20.28 350.4913
20.29 350.4913
20.30 346.7158
20.31 346.7158
20.32 346.7158
20.33 346.7158
20.34 346.7158
20.35 346.7158
20.36 0.0000
20.37 0.0000
20.38 0.0000
20.39 0.0000
20.40 0.0000
20.41 0.0000
20.42 0.0000
20.43 0.0000
20.44 0.0000
20.45 0.0000
20.46 0.0000
20.47 0.0000
20.48 0.0000
20.49 0.0000
20.50 0.0000
20.51 0.0000
20.52 0.0000
20.53 0.0000
20.54 0.0000
20.55 0.0000
20.56 0.0000
20.57 0.0000
20.58 0.0000
20.59 0.0000
20.60 0.0000
20.61 0.0000
20.62 0.0000
20.63 0.0000
20.64 0.0000
20.65 0.0000
20.66 0.0000
20.67 0.0000
20.68 0.0000
20.69 0.0000
20.70 0.0000
20.71 311.1270
20.72 311.1270
20.73 311.1270
20.74 310.0058
20.75 310.0058
20.76 310.0058
20.77 0.0000
20.78 0.0000
20.79 0.0000
20.80 0.0000
20.81 0.0000
20.82 0.0000
20.83 0.0000
20.84 0.0000
20.85 0.0000
20.86 0.0000
20.87 0.0000
20.88 0.0000
20.89 0.0000
20.90 0.0000
20.91 0.0000
20.92 0.0000
20.93 0.0000
20.94 0.0000
20.95 0.0000
20.96 0.0000
20.97 0.0000
20.98 0.0000
20.99 0.0000
21.00 358.1660
21.01 358.1660
21.02 358.1660
21.03 356.8753
21.04 355.5893
21.05 353.0311
21.06 350.4913
21.07 349.2282
21.08 346.7158
21.09 346.7158
21.10 346.7158
21.11 346.7158
21.12 347.9697
21.13 350.4913
21.14 353.0311
21.15 353.0311
21.16 353.0311
21.17 353.0311
21.18 351.7589
21.19 349.2282
21.20 344.2214
21.21 340.5135
21.22 340.5135
21.23 340.5135
21.24 340.5135
21.25 341.7450
21.26 341.7450
21.27 347.9697
21.28 355.5893
21.29 359.4614
21.30 359.4614
21.31 359.4614
21.32 359.4614
21.33 355.5893
21.34 351.7589
21.35 350.4913
21.36 342.9810
21.37 342.9810
21.38 342.9810
21.39 342.9810
21.40 342.9810
21.41 347.9697
21.42 350.4913
21.43 359.4614
21.44 360.7615
21.45 360.7615
21.46 360.7615
21.47 360.7615
21.48 359.4614
21.49 353.0311
21.50 351.7589
21.51 350.4913
21.52 332.0162
21.53 332.0162
21.54 332.0162
21.55 333.2170
21.56 333.2170
21.57 342.9810
21.58 354.3079
21.59 354.3079
21.60 354.3079
21.61 353.0311
21.62 351.7589
21.63 350.4913
21.64 0.0000
21.65 0.0000
21.66 0.0000
21.67 0.0000
21.68 0.0000
21.69 0.0000
21.70 0.0000
21.71 0.0000
21.72 0.0000
21.73 0.0000
21.74 0.0000
21.75 0.0000
21.76 0.0000
21.77 0.0000
21.78 0.0000
21.79 0.0000
21.80 0.0000
21.81 0.0000
21.82 0.0000
21.83 0.0000
21.84 0.0000
21.85 0.0000
21.86 0.0000
21.87 0.0000
21.88 0.0000
21.89 0.0000
21.90 0.0000
21.91 0.0000
21.92 0.0000
21.93 0.0000
21.94 0.0000
21.95 0.0000
21.96 0.0000
21.97 0.0000
21.98 0.0000
21.99 0.0000
22.00 0.0000
22.01 0.0000
22.02 0.0000
22.03 0.0000
22.04 0.0000
22.05 0.0000
22.06 0.0000
22.07 0.0000
22.08 0.0000
22.09 0.0000
22.10 0.0000
22.11 0.0000
22.12 0.0000
22.13 0.0000
22.14 0.0000
22.15 0.0000
22.16 0.0000
22.17 0.0000
22.18 0.0000
22.19 0.0000
22.20 0.0000
22.21 0.0000
22.22 0.0000
22.23 0.0000
22.24 0.0000
22.25 0.0000
22.26 0.0000
22.27 0.0000
22.28 0.0000
22.29 0.0000
22.30 0.0000
22.31 0.0000
22.32 0.0000
22.33 353.0311
22.34 362.0662
22.35 367.3326
22.36 372.6756
22.37 378.0962
22.38 379.4637
22.39 379.4637
22.40 379.4637
22.41 379.4637
22.42 380.8361
22.43 383.5958
22.44 384.9831
22.45 391.9954
22.46 393.4132
22.47 400.5790
22.48 409.3506
22.49 409.3506
22.50 409.3506
22.51 409.3506
22.52 409.3506
22.53 409.3506
22.54 409.3506
22.55 410.8310
22.56 410.8310
22.57 412.3169
22.58 412.3169
22.59 413.8081
22.60 415.3047
22.61 415.3047
22.62 415.3047
22.63 416.8067
22.64 416.8067
22.65 416.8067
22.66 416.8067
22.67 418.3142
22.68 419.8271
22.69 419.8271
22.70 419.8271
22.71 419.8271
22.72 418.3142
22.73 418.3142
22.74 416.8067
22.75 416.8067
22.76 416.8067
22.77 416.8067
22.78 416.8067
22.79 416.8067
22.80 418.3142
22.81 418.3142
22.82 418.3142
22.83 418.3142
22.84 416.8067
22.85 415.3047
22.86 412.3169
22.87 412.3169
22.88 412.3169
22.89 412.3169
22.90 415.3047
22.91 416.8067
22.92 418.3142
22.93 418.3142
22.94 418.3142
22.95 418.3142
22.96 416.8067
22.97 416.8067
22.98 416.8067
22.99 416.8067
23.00 416.8067
23.01 416.8067
23.02 416.8067
23.03 418.3142
23.04 418.3142
23.05 418.3142
23.06 0.0000
23.07 0.0000
23.08 0.0000
23.09 0.0000
23.10 0.0000
23.11 0.0000
23.12 0.0000
23.13 0.0000
23.14 0.0000
23.15 0.0000
23.16 0.0000
23.17 0.0000
23.18 0.0000
23.19 0.0000
23.20 0.0000
23.21 0.0000
23.22 0.0000
23.23 0.0000
23.24 362.0662
23.25 362.0662
23.26 362.0662
23.27 359.4614
23.28 355.5893
23.29 354.3079
23.30 354.3079
23.31 354.3079
23.32 355.5893
23.33 359.4614
23.34 367.3326
23.35 371.3326
23.36 383.5958
23.37 389.1753
23.38 393.4132
23.39 393.4132
23.40 393.4132
23.41 393.4132
23.42 393.4132
23.43 391.9954
23.44 390.5828
23.45 389.1753
23.46 389.1753
23.47 389.1753
23.48 387.7729
23.49 386.3755
23.50 384.9831
23.51 0.0000
23.52 0.0000
23.53 0.0000
23.54 0.0000
23.55 0.0000
23.56 0.0000
23.57 0.0000
23.58 0.0000
23.59 0.0000
23.60 0.0000
23.61 0.0000
23.62 0.0000
23.63 0.0000
23.64 0.0000
23.65 0.0000
23.66 0.0000
23.67 0.0000
23.68 0.0000
23.69 0.0000
23.70 0.0000
23.71 0.0000
23.72 0.0000
23.73 0.0000
23.74 0.0000
23.75 0.0000
23.76 0.0000
23.77 400.5790
23.78 400.5790
23.79 400.5790
23.80 399.1355
23.81 397.6971
23.82 396.2640
23.83 394.8360
23.84 393.4132
23.85 393.4132
23.86 393.4132
23.87 390.5828
23.88 390.5828
23.89 390.5828
23.90 391.9954
23.91 391.9954
23.92 391.9954
23.93 391.9954
23.94 389.1753
23.95 387.7729
23.96 384.9831
23.97 384.9831
23.98 384.9831
23.99 384.9831
24.00 384.9831
24.01 386.3755
24.02 387.7729
24.03 393.4132
24.04 393.4132
24.05 393.4132
24.06 0.0000
24.07 0.0000
24.08 0.0000
24.09 0.0000
24.10 0.0000
24.11 0.0000
24.12 0.0000
24.13 0.0000
24.14 0.0000
24.15 0.0000
24.16 0.0000
24.17 0.0000
24.18 0.0000
24.19 0.0000
24.20 0.0000
24.21 0.0000
24.22 0.0000
24.23 0.0000
24.24 0.0000
24.25 0.0000
24.26 0.0000
24.27 0.0000
24.28 0.0000
24.29 0.0000
24.30 0.0000
24.31 355.5893
24.32 355.5893
24.33 355.5893
24.34 355.5893
24.35 353.0311
24.36 353.0311
24.37 353.0311
24.38 354.3079
24.39 356.8753
24.40 360.7615
24.41 367.3326
24.42 372.6756
24.43 383.5958
24.44 391.9954
24.45 393.4132
24.46 393.4132
24.47 393.4132
24.48 391.9954
24.49 389.1753
24.50 387.7729
24.51 387.7729
24.52 387.7729
24.53 386.3755
24.54 386.3755
24.55 384.9831
24.56 378.0962
24.57 378.0962
24.58 376.7337
24.59 367.3326
24.60 367.3326
24.61 362.0662
24.62 360.7615
24.63 359.4614
24.64 358.1660
24.65 358.1660
24.66 358.1660
24.67 359.4614
24.68 359.4614
24.69 359.4614
24.70 359.4614
24.71 359.4614
24.72 355.5893
24.73 351.7589
24.74 350.4913
24.75 0.0000
24.76 0.0000
24.77 0.0000
24.78 0.0000
24.79 0.0000
24.80 0.0000
24.81 0.0000
24.82 0.0000
24.83 0.0000
24.84 0.0000
24.85 307.7755
24.86 307.7755
24.87 307.7755
24.88 307.7755
24.89 307.7755
24.90 307.7755
24.91 307.7755
24.92 307.7755
24.93 306.6664
24.94 306.6664
24.95 306.6664
24.96 306.6664
24.97 306.6664
24.98 306.6664
24.99 0.0000
25.00 0.0000
25.01 0.0000
25.02 0.0000
25.03 0.0000
25.04 0.0000
25.05 0.0000
25.06 0.0000
25.07 0.0000
25.08 0.0000
25.09 0.0000
25.10 0.0000
25.11 0.0000
25.12 0.0000
25.13 0.0000
25.14 316.7940
25.15 316.7940
25.16 316.7940
25.17 316.7940
25.18 316.7940
25.19 315.6524
25.20 315.6524
25.21 315.6524
25.22 316.7940
25.23 316.7940
25.24 320.2437
25.25 332.0162
25.26 334.4221
25.27 341.7450
25.28 349.2282
25.29 351.7589
25.30 351.7589
25.31 351.7589
25.32 351.7589
25.33 351.7589
25.34 341.7450
25.35 338.0637
25.36 336.8455
25.37 336.8455
25.38 336.8455
25.39 336.8455
25.40 341.7450
25.41 347.9697
25.42 355.5893
25.43 355.5893
25.44 355.5893
25.45 355.5893
25.46 355.5893
25.47 353.0311
25.48 351.7589
25.49 346.7158
25.50 344.2214
25.51 342.9810
25.52 342.9810
25.53 342.9810
25.54 344.2214
25.55 349.2282
25.56 351.7589
25.57 355.5893
25.58 355.5893
25.59 355.5893
25.60 355.5893
25.61 354.3079
25.62 351.7589
25.63 351.7589
25.64 341.7450
25.65 338.0637
25.66 336.8455
25.67 336.8455
25.68 336.8455
25.69 336.8455
25.70 341.7450
25.71 349.2282
25.72 353.0311
25.73 356.8753
25.74 356.8753
25.75 356.8753
25.76 356.8753
25.77 355.5893
25.78 351.7589
25.79 350.4913
25.80 341.7450
25.81 338.0637
25.82 336.8455
25.83 336.8455
25.84 336.8455
25.85 336.8455
25.86 342.9810
25.87 349.2282
25.88 360.7615
25.89 362.0662
25.90 362.0662
25.91 362.0662
25.92 360.7615
25.93 359.4614
25.94 354.3079
25.95 351.7589
25.96 349.2282
25.97 345.4663
25.98 345.4663
25.99 345.4663
26.00 346.7158
26.01 349.2282
26.02 350.4913
26.03 351.7589
26.04 355.5893
26.05 359.4614
26.06 360.7615
26.07 360.7615
26.08 360.7615
26.09 360.7615
26.10 360.7615
26.11 359.4614
26.12 355.5893
26.13 353.0311
26.14 351.7589
26.15 350.4913
26.16 349.2282
26.17 332.0162
26.18 0.0000
26.19 0.0000
26.20 0.0000
26.21 0.0000
26.22 0.0000
26.23 0.0000
26.24 0.0000
26.25 0.0000
26.26 236.4721
26.27 236.4721
26.28 236.4721
26.29 0.0000
26.30 0.0000
26.31 0.0000
26.32 0.0000
26.33 0.0000
26.34 0.0000
26.35 0.0000
26.36 0.0000
26.37 0.0000
26.38 0.0000
26.39 0.0000
26.40 0.0000
26.41 0.0000
26.42 0.0000
26.43 0.0000
26.44 0.0000
26.45 0.0000
26.46 0.0000
26.47 0.0000
26.48 0.0000
26.49 0.0000
26.50 0.0000
26.51 0.0000
26.52 0.0000
26.53 0.0000
26.54 0.0000
26.55 248.7311
26.56 248.7311
26.57 248.7311
26.58 242.5242
26.59 240.7794
26.60 233.9249
26.61 233.9249
26.62 233.9249
26.63 233.0819
26.64 233.0819
26.65 233.0819
26.66 234.7709
26.67 235.6200
26.68 236.4721
26.69 236.4721
26.70 237.3274
26.71 237.3274
26.72 237.3274
26.73 235.6200
26.74 235.6200
26.75 233.9249
26.76 232.2419
26.77 218.4173
26.78 208.4034
26.79 208.4034
26.80 208.4034
26.81 208.4034
26.82 207.6523
26.83 207.6523
26.84 207.6523
26.85 207.6523
26.86 208.4034
26.87 208.4034
26.88 208.4034
26.89 208.4034
26.90 207.6523
26.91 207.6523
26.92 206.9040
26.93 206.1584
26.94 206.1584
26.95 0.0000
26.96 0.0000
26.97 0.0000
26.98 0.0000
26.99 0.0000
27.00 0.0000
27.01 0.0000
27.02 0.0000
27.03 0.0000
27.04 0.0000
27.05 0.0000
27.06 0.0000
27.07 0.0000
27.08 0.0000
27.09 0.0000
27.10 0.0000
27.11 0.0000
27.12 208.4034
27.13 208.4034
27.14 208.4034
27.15 208.4034
27.16 208.4034
27.17 208.4034
27.18 207.6523
27.19 206.9040
27.20 200.2895
27.21 194.5877
27.22 194.5877
27.23 194.5877
27.24 194.5877
27.25 200.2895
27.26 201.0139
27.27 206.1584
27.28 208.4034
27.29 208.4034
27.30 208.4034
27.31 208.4034
27.32 208.4034
27.33 207.6523
27.34 207.6523
27.35 207.6523
27.36 207.6523
27.37 201.0139
27.38 201.0139
27.39 201.0139
27.40 201.0139
27.41 201.0139
27.42 207.6523
27.43 207.6523
27.44 207.6523
27.45 0.0000
27.46 0.0000
27.47 0.0000
27.48 0.0000
27.49 0.0000
27.50 0.0000
27.51 0.0000
27.52 0.0000
27.53 0.0000
27.54 0.0000
27.55 0.0000
27.56 0.0000
27.57 0.0000
27.58 0.0000
27.59 0.0000
27.60 0.0000
27.61 0.0000
27.62 0.0000
27.63 0.0000
27.64 0.0000
27.65 0.0000
27.66 0.0000
27.67 0.0000
27.68 0.0000
27.69 0.0000
27.70 0.0000
27.71 0.0000
27.72 0.0000
27.73 0.0000
27.74 0.0000
27.75 0.0000
27.76 0.0000
27.77 0.0000
27.78 0.0000
27.79 0.0000
27.80 0.0000
27.81 0.0000
27.82 0.0000
27.83 0.0000
27.84 0.0000
27.85 0.0000
27.86 0.0000
27.87 0.0000
27.88 0.0000
27.89 0.0000
27.90 0.0000
27.91 0.0000
27.92 0.0000
27.93 0.0000
27.94 0.0000
27.95 0.0000
27.96 0.0000
27.97 0.0000
27.98 0.0000
27.99 0.0000
28.00 0.0000
28.01 0.0000
28.02 0.0000
28.03 0.0000
28.04 0.0000
28.05 0.0000
28.06 0.0000
28.07 0.0000
28.08 0.0000
28.09 0.0000
28.10 0.0000
28.11 0.0000
28.12 0.0000
28.13 0.0000
28.14 0.0000
28.15 0.0000
28.16 0.0000
28.17 0.0000
28.18 0.0000
28.19 0.0000
28.20 0.0000
28.21 0.0000
28.22 0.0000
28.23 0.0000
28.24 0.0000
28.25 0.0000
28.26 0.0000
28.27 0.0000
28.28 0.0000
28.29 0.0000
28.30 0.0000
28.31 0.0000
28.32 0.0000
28.33 0.0000
28.34 0.0000
28.35 0.0000
28.36 0.0000
28.37 0.0000
28.38 0.0000
28.39 0.0000
28.40 0.0000
28.41 0.0000
28.42 0.0000
28.43 0.0000
28.44 0.0000
28.45 0.0000
28.46 0.0000
28.47 0.0000
28.48 0.0000
28.49 0.0000
28.50 0.0000
28.51 0.0000
28.52 0.0000
28.53 0.0000
28.54 0.0000
28.55 0.0000
28.56 0.0000
28.57 0.0000
28.58 0.0000
28.59 0.0000
28.60 0.0000
28.61 0.0000
28.62 0.0000
28.63 0.0000
28.64 0.0000
28.65 0.0000
28.66 0.0000
28.67 0.0000
28.68 0.0000
28.69 0.0000
28.70 0.0000
28.71 0.0000
28.72 0.0000
28.73 0.0000
28.74 0.0000
28.75 0.0000
28.76 0.0000
28.77 0.0000
28.78 0.0000
28.79 0.0000
28.80 200.2895
28.81 200.2895
28.82 200.2895
28.83 201.0139
28.84 201.0139
28.85 206.9040
28.86 206.9040
28.87 206.9040
28.88 0.0000
28.89 0.0000
28.90 0.0000
28.91 0.0000
28.92 0.0000
28.93 0.0000
28.94 0.0000
28.95 0.0000
28.96 0.0000
28.97 0.0000
28.98 0.0000
28.99 0.0000
29.00 0.0000
29.01 0.0000
29.02 0.0000
29.03 0.0000
29.04 0.0000
29.05 0.0000
29.06 0.0000
29.07 0.0000
29.08 0.0000
29.09 0.0000
29.10 0.0000
29.11 0.0000
29.12 0.0000
29.13 0.0000
29.14 0.0000
29.15 0.0000
29.16 0.0000
29.17 0.0000
29.18 0.0000
29.19 0.0000
29.20 0.0000
29.21 0.0000
29.22 0.0000
29.23 0.0000
29.24 0.0000
29.25 0.0000
29.26 0.0000
29.27 0.0000
29.28 0.0000
29.29 0.0000
29.30 206.9040
29.31 207.6523
29.32 207.6523
29.33 208.4034
29.34 212.1993
29.35 212.1993
29.36 213.7370
29.37 214.5100
29.38 214.5100
29.39 214.5100
29.40 212.9668
29.41 211.4347
29.42 209.1571
29.43 206.9040
29.44 206.1584
29.45 204.6753
29.46 203.9377
29.47 203.9377
29.48 203.9377
29.49 203.9377
29.50 203.9377
29.51 203.9377
29.52 203.9377
29.53 203.9377
29.54 204.6753
29.55 204.6753
29.56 205.4155
29.57 205.4155
29.58 206.1584
29.59 206.1584
29.60 206.1584
29.61 205.4155
29.62 205.4155
29.63 205.4155
29.64 205.4155
29.65 206.1584
29.66 206.9040
29.67 206.9040
29.68 207.6523
29.69 207.6523
29.70 207.6523
29.71 207.6523
29.72 207.6523
29.73 207.6523
29.74 0.0000
29.75 0.0000
29.76 0.0000
29.77 0.0000
29.78 0.0000
29.79 0.0000
29.80 0.0000
29.81 0.0000
29.82 0.0000
29.83 0.0000
29.84 0.0000
29.85 0.0000
29.86 0.0000
29.87 0.0000
29.88 0.0000
29.89 0.0000
29.90 0.0000
29.91 203.9377
29.92 203.9377
29.93 203.9377
29.94 203.9377
29.95 203.9377
29.96 203.9377
29.97 203.9377
29.98 204.6753
29.99 204.6753
30.00 204.6753
30.01 0.0000
30.02 0.0000
30.03 0.0000
30.04 0.0000
30.05 236.4721
30.06 237.3274
30.07 237.3274
30.08 236.4721
30.09 234.7709
30.10 233.0819
30.11 233.0819
30.12 232.2419
30.13 0.0000
30.14 0.0000
30.15 0.0000
30.16 0.0000
30.17 0.0000
30.18 0.0000
30.19 0.0000
30.20 0.0000
30.21 0.0000
30.22 0.0000
30.23 0.0000
30.24 0.0000
30.25 0.0000
30.26 0.0000
30.27 0.0000
30.28 0.0000
30.29 0.0000
30.30 0.0000
30.31 0.0000
30.32 0.0000
30.33 0.0000
30.34 0.0000
30.35 0.0000
30.36 0.0000
30.37 0.0000
30.38 0.0000
30.39 0.0000
30.40 0.0000
30.41 201.0139
30.42 206.9040
30.43 208.4034
30.44 209.1571
30.45 209.1571
30.46 209.1571
30.47 207.6523
30.48 206.9040
30.49 201.0139
30.50 194.5877
30.51 193.8864
30.52 193.8864
30.53 193.8864
30.54 193.8864
30.55 194.5877
30.56 200.2895
30.57 208.4034
30.58 216.0645
30.59 216.0645
30.60 216.0645
30.61 216.0645
30.62 216.0645
30.63 213.7370
30.64 211.4347
30.65 208.4034
30.66 206.1584
30.67 203.9377
30.68 203.9377
30.69 203.9377
30.70 205.4155
30.71 206.9040
30.72 208.4034
30.73 212.1993
30.74 213.7370
30.75 213.7370
30.76 213.7370
30.77 212.1993
30.78 211.4347
30.79 208.4034
30.80 206.1584
30.81 205.4155
30.82 205.4155
30.83 205.4155
30.84 205.4155
30.85 205.4155
30.86 205.4155
30.87 205.4155
30.88 205.4155
30.89 205.4155
30.90 205.4155
30.91 206.1584
30.92 206.1584
30.93 206.1584
30.94 206.1584
30.95 206.1584
30.96 206.1584
30.97 206.1584
30.98 201.0139
30.99 201.0139
31.00 0.0000
31.01 0.0000
31.02 0.0000
31.03 0.0000
31.04 175.2456
31.05 175.2456
31.06 175.2456
31.07 0.0000
31.08 0.0000
31.09 0.0000
31.10 0.0000
31.11 0.0000
31.12 0.0000
31.13 0.0000
31.14 0.0000
31.15 0.0000
31.16 194.5877
31.17 194.5877
31.18 200.2895
31.19 200.2895
31.20 200.2895
31.21 200.2895
31.22 200.2895
31.23 200.2895
31.24 195.9977
31.25 194.5877
31.26 193.8864
31.27 193.1877
31.28 193.1877
31.29 193.1877
31.30 193.1877
31.31 193.1877
31.32 193.8864
31.33 193.8864
31.34 193.8864
31.35 0.0000
31.36 0.0000
31.37 0.0000
31.38 0.0000
31.39 0.0000
31.40 0.0000
31.41 0.0000
31.42 0.0000
31.43 0.0000
31.44 0.0000
31.45 0.0000
31.46 0.0000
31.47 0.0000
31.48 0.0000
31.49 0.0000
31.50 0.0000
31.51 0.0000
31.52 0.0000
31.53 0.0000
31.54 0.0000
31.55 0.0000
31.56 0.0000
31.57 0.0000
31.58 0.0000
31.59 0.0000
31.60 0.0000
31.61 0.0000
31.62 0.0000
31.63 168.4227
31.64 168.4227
31.65 168.4227
31.66 168.4227
31.67 168.4227
31.68 168.4227
31.69 168.4227
31.70 168.4227
31.71 0.0000
31.72 0.0000
31.73 0.0000
31.74 0.0000
31.75 175.2456
31.76 175.2456
31.77 175.2456
31.78 171.4905
31.79 171.4905
31.80 171.4905
31.81 171.4905
31.82 171.4905
31.83 171.4905
31.84 171.4905
31.85 171.4905
31.86 171.4905
31.87 177.7946
31.88 177.7946
31.89 177.7946
31.90 175.2456
31.91 171.4905
31.92 171.4905
31.93 0.0000
31.94 0.0000
31.95 0.0000
31.96 0.0000
31.97 0.0000
31.98 0.0000
31.99 0.0000
32.00 0.0000
32.01 0.0000
32.02 0.0000
32.03 0.0000
32.04 0.0000
32.05 0.0000
32.06 0.0000
32.07 0.0000
32.08 0.0000
32.09 0.0000
32.10 0.0000
32.11 0.0000
32.12 0.0000
32.13 0.0000
32.14 0.0000
32.15 0.0000
32.16 0.0000
32.17 0.0000
32.18 0.0000
32.19 0.0000
32.20 0.0000
32.21 0.0000
32.22 0.0000
32.23 0.0000
32.24 0.0000
32.25 0.0000
32.26 0.0000
32.27 0.0000
32.28 0.0000
32.29 0.0000
32.30 0.0000
32.31 0.0000
32.32 0.0000
32.33 0.0000
32.34 0.0000
32.35 0.0000
32.36 0.0000
32.37 0.0000
32.38 0.0000
32.39 0.0000
32.40 0.0000
32.41 0.0000
32.42 0.0000
32.43 0.0000
32.44 0.0000
32.45 0.0000
32.46 0.0000
32.47 0.0000
32.48 0.0000
32.49 0.0000
32.50 0.0000
32.51 0.0000
32.52 0.0000
32.53 0.0000
32.54 0.0000
