0.00 0.0000
0.01 0.0000
0.02 0.0000
0.03 0.0000
0.04 0.0000
0.05 0.0000
0.06 0.0000
0.07 0.0000
0.08 0.0000
0.09 0.0000
0.10 0.0000
0.11 0.0000
0.12 0.0000
0.13 0.0000
0.14 0.0000
0.15 0.0000
0.16 0.0000
0.17 0.0000
0.18 0.0000
0.19 0.0000
0.20 0.0000
0.21 0.0000
0.22 0.0000
0.23 0.0000
0.24 0.0000
0.25 0.0000
0.26 0.0000
0.27 0.0000
0.28 0.0000
0.29 0.0000
0.30 0.0000
0.31 0.0000
0.32 0.0000
0.33 0.0000
0.34 0.0000
0.35 0.0000
0.36 0.0000
0.37 0.0000
0.38 0.0000
0.39 0.0000
0.40 0.0000
0.41 0.0000
0.42 0.0000
0.43 0.0000
0.44 0.0000
0.45 0.0000
0.46 0.0000
0.47 0.0000
0.48 0.0000
0.49 0.0000
0.50 0.0000
0.51 0.0000
0.52 0.0000
0.53 0.0000
0.54 0.0000
0.55 0.0000
0.56 0.0000
0.57 0.0000
0.58 0.0000
0.59 0.0000
0.60 0.0000
0.61 256.0195
0.62 256.9454
0.63 256.9454
0.64 256.9454
0.65 256.0195
0.66 256.0195
0.67 256.0195
0.68 256.9454
0.69 256.9454
0.70 258.8073
0.71 260.6828
0.72 263.5214
0.73 266.3910
0.74 272.2242
0.75 275.1885
0.76 278.1851
0.77 285.3047
0.78 287.3721
0.79 288.4115
0.80 288.4115
0.81 288.4115
0.82 287.3721
0.83 278.1851
0.84 277.1826
0.85 259.7434
0.86 249.6307
0.87 248.7311
0.88 240.7794
0.89 240.7794
0.90 240.7794
0.91 241.6502
0.92 246.0518
0.93 249.6307
0.94 249.6307
0.95 249.6307
0.96 249.6307
0.97 249.6307
0.98 249.6307
0.99 250.5335
1.00 251.4396
1.01 251.4396
1.02 252.3490
1.03 253.2616
1.04 254.1776
1.05 256.0195
1.06 257.8747
1.07 258.8073
1.08 259.7434
1.09 259.7434
1.10 259.7434
1.11 258.8073
1.12 258.8073
1.13 0.0000
1.14 0.0000
1.15 0.0000
1.16 0.0000
1.17 0.0000
1.18 0.0000
1.19 0.0000
1.20 0.0000
1.21 0.0000
1.22 0.0000
1.23 0.0000
1.24 0.0000
1.25 0.0000
1.26 0.0000
1.27 0.0000
1.28 0.0000
1.29 0.0000
1.30 0.0000
1.31 0.0000
1.32 0.0000
1.33 0.0000
1.34 0.0000
1.35 0.0000
1.36 239.0471
1.37 239.0471
1.38 239.9117
1.39 239.9117
1.40 240.7794
1.41 241.6502
1.42 242.5242
1.43 248.7311
1.44 249.6307
1.45 254.1776
1.46 256.9454
1.47 259.7434
1.48 263.5214
1.49 265.4310
1.50 266.3910
1.51 266.3910
1.52 266.3910
1.53 266.3910
1.54 266.3910
1.55 266.3910
1.56 266.3910
1.57 266.3910
1.58 266.3910
1.59 266.3910
1.60 266.3910
1.61 266.3910
1.62 266.3910
1.63 266.3910
1.64 265.4310
1.65 265.4310
1.66 265.4310
1.67 265.4310
1.68 264.4745
1.69 264.4745
1.70 264.4745
1.71 264.4745
1.72 264.4745
1.73 264.4745
1.74 264.4745
1.75 263.5214
1.76 263.5214
1.77 262.5718
1.78 262.5718
1.79 262.5718
1.80 262.5718
1.81 261.6256
1.82 261.6256
1.83 261.6256
1.84 262.5718
1.85 262.5718
1.86 263.5214
1.87 264.4745
1.88 264.4745
1.89 264.4745
1.90 264.4745
1.91 264.4745
1.92 264.4745
1.93 264.4745
1.94 264.4745
1.95 264.4745
1.96 264.4745
1.97 264.4745
1.98 264.4745
1.99 264.4745
2.00 264.4745
2.01 264.4745
2.02 264.4745
2.03 264.4745
2.04 264.4745
2.05 264.4745
2.06 264.4745
2.07 263.5214
2.08 263.5214
2.09 262.5718
2.10 262.5718
2.11 260.6828
2.12 256.9454
2.13 249.6307
2.14 248.7311
2.15 248.7311
2.16 233.0819
2.17 219.2072
2.18 218.4173
2.19 216.8459
2.20 216.8459
2.21 216.8459
2.22 216.8459
2.23 218.4173
2.24 219.2072
2.25 219.2072
2.26 219.2072
2.27 217.6302
2.28 217.6302
2.29 211.4347
2.30 208.4034
2.31 208.4034
2.32 200.2895
2.33 194.5877
2.34 184.3305
2.35 184.3305
2.36 182.3449
2.37 177.7946
2.38 177.1539
2.39 175.8794
2.40 175.8794
2.41 175.8794
2.42 175.8794
2.43 175.8794
2.44 175.8794
2.45 175.8794
2.46 175.8794
2.47 175.8794
2.48 175.8794
2.49 175.8794
2.50 175.8794
2.51 175.8794
2.52 175.8794
2.53 175.8794
2.54 175.8794
2.55 175.8794
2.56 175.8794
2.57 175.8794
2.58 175.2456
2.59 0.0000
2.60 0.0000
2.61 0.0000
2.62 0.0000
2.63 0.0000
2.64 0.0000
2.65 0.0000
2.66 0.0000
2.67 177.1539
2.68 177.1539
2.69 177.1539
2.70 176.5155
2.71 176.5155
2.72 175.8794
2.73 175.8794
2.74 175.8794
2.75 175.2456
2.76 175.2456
2.77 175.2456
2.78 175.8794
2.79 175.8794
2.80 176.5155
2.81 177.7946
2.82 180.3807
2.83 183.6663
2.84 184.9972
2.85 186.3378
2.86 189.7318
2.87 191.7979
2.88 192.4916
2.89 192.4916
2.90 192.4916
2.91 193.1877
2.92 193.1877
2.93 193.8864
2.94 193.8864
2.95 193.8864
2.96 193.8864
2.97 193.8864
2.98 193.8864
2.99 193.8864
3.00 193.8864
3.01 194.5877
3.02 194.5877
3.03 194.5877
3.04 194.5877
3.05 194.5877
3.06 195.2914
3.07 195.2914
3.08 195.2914
3.09 195.2914
3.10 195.9977
3.11 195.9977
3.12 195.9977
3.13 196.7066
3.14 196.7066
3.15 196.7066
3.16 196.7066
3.17 196.7066
3.18 196.7066
3.19 196.7066
3.20 196.7066
3.21 196.7066
3.22 196.7066
3.23 196.7066
3.24 196.7066
3.25 196.7066
3.26 196.7066
3.27 196.7066
3.28 196.7066
3.29 196.7066
3.30 196.7066
3.31 196.7066
3.32 196.7066
3.33 196.7066
3.34 196.7066
3.35 197.4180
3.36 197.4180
3.37 197.4180
3.38 198.1320
3.39 198.1320
3.40 198.1320
3.41 198.8486
3.42 198.8486
3.43 198.8486
3.44 199.5677
3.45 199.5677
3.46 199.5677
3.47 199.5677
3.48 199.5677
3.49 199.5677
3.50 199.5677
3.51 199.5677
3.52 199.5677
3.53 199.5677
3.54 199.5677
3.55 200.2895
3.56 200.2895
3.57 200.2895
3.58 200.2895
3.59 200.2895
3.60 199.5677
3.61 199.5677
3.62 199.5677
3.63 199.5677
3.64 199.5677
3.65 199.5677
3.66 199.5677
3.67 199.5677
3.68 199.5677
3.69 199.5677
3.70 199.5677
3.71 199.5677
3.72 198.8486
3.73 198.8486
3.74 198.8486
3.75 198.8486
3.76 198.1320
3.77 198.1320
3.78 198.1320
3.79 198.1320
3.80 198.1320
3.81 198.1320
3.82 198.8486
3.83 198.8486
3.84 198.8486
3.85 198.8486
3.86 199.5677
3.87 199.5677
3.88 200.2895
3.89 200.2895
3.90 200.2895
3.91 200.2895
3.92 200.2895
3.93 199.5677
3.94 199.5677
3.95 196.7066
3.96 195.2914
3.97 193.1877
3.98 192.4916
3.99 192.4916
4.00 192.4916
4.01 193.1877
4.02 193.8864
4.03 193.8864
4.04 195.2914
4.05 195.9977
4.06 200.2895
4.07 201.0139
4.08 206.9040
4.09 209.1571
4.10 212.1993
4.11 215.2859
4.12 216.8459
4.13 220.0000
4.14 220.7957
4.15 220.7957
4.16 220.7957
4.17 220.7957
4.18 220.7957
4.19 220.7957
4.20 220.7957
4.21 221.5942
4.22 221.5942
4.23 221.5942
4.24 221.5942
4.25 221.5942
4.26 221.5942
4.27 221.5942
4.28 220.7957
4.29 219.2072
4.30 217.6302
4.31 217.6302
4.32 211.4347
4.33 208.4034
4.34 184.3305
4.35 182.3449
4.36 171.4905
4.37 171.4905
4.38 171.4905
4.39 169.6432
4.40 169.6432
4.41 169.6432
4.42 169.6432
4.43 171.4905
4.44 172.1107
4.45 172.1107
4.46 172.7332
4.47 172.7332
4.48 172.7332
4.49 173.3579
4.50 173.3579
4.51 173.3579
4.52 173.9849
4.53 173.9849
4.54 173.9849
4.55 173.9849
4.56 173.9849
4.57 174.6141
4.58 174.6141
4.59 174.6141
4.60 175.2456
4.61 175.2456
4.62 175.2456
4.63 175.2456
4.64 175.2456
4.65 175.8794
4.66 175.8794
4.67 175.8794
4.68 175.2456
4.69 175.2456
4.70 174.6141
4.71 174.6141
4.72 174.6141
4.73 174.6141
4.74 174.6141
4.75 174.6141
4.76 174.6141
4.77 174.6141
4.78 174.6141
4.79 175.2456
4.80 175.2456
4.81 175.8794
4.82 175.8794
4.83 175.8794
4.84 175.8794
4.85 175.8794
4.86 175.2456
4.87 175.2456
4.88 175.2456
4.89 174.6141
4.90 174.6141
4.91 174.6141
4.92 174.6141
4.93 174.6141
4.94 174.6141
4.95 174.6141
4.96 172.1107
4.97 172.1107
4.98 171.4905
4.99 171.4905
5.00 0.0000
5.01 0.0000
5.02 0.0000
5.03 0.0000
5.04 0.0000
5.05 0.0000
5.06 0.0000
5.07 0.0000
5.08 0.0000
5.09 0.0000
5.10 0.0000
5.11 0.0000
5.12 0.0000
5.13 0.0000
5.14 0.0000
5.15 0.0000
5.16 0.0000
5.17 0.0000
5.18 0.0000
5.19 0.0000
5.20 0.0000
5.21 0.0000
5.22 0.0000
5.23 0.0000
5.24 0.0000
5.25 0.0000
5.26 0.0000
5.27 0.0000
5.28 0.0000
5.29 0.0000
5.30 0.0000
5.31 0.0000
5.32 0.0000
5.33 0.0000
5.34 0.0000
5.35 0.0000
5.36 0.0000
5.37 0.0000
5.38 0.0000
5.39 0.0000
5.40 0.0000
5.41 0.0000
5.42 0.0000
5.43 0.0000
5.44 0.0000
5.45 0.0000
5.46 0.0000
5.47 0.0000
5.48 0.0000
5.49 0.0000
5.50 0.0000
5.51 0.0000
5.52 0.0000
5.53 0.0000
5.54 0.0000
5.55 0.0000
5.56 0.0000
5.57 0.0000
5.58 0.0000
5.59 0.0000
5.60 0.0000
5.61 0.0000
5.62 0.0000
5.63 0.0000
5.64 0.0000
5.65 0.0000
5.66 0.0000
5.67 0.0000
5.68 0.0000
5.69 0.0000
5.70 0.0000
5.71 0.0000
5.72 0.0000
5.73 0.0000
5.74 0.0000
5.75 0.0000
5.76 0.0000
5.77 0.0000
5.78 0.0000
5.79 0.0000
5.80 0.0000
5.81 0.0000
5.82 0.0000
5.83 0.0000
5.84 0.0000
5.85 0.0000
5.86 0.0000
5.87 0.0000
5.88 0.0000
5.89 0.0000
5.90 0.0000
5.91 0.0000
5.92 0.0000
5.93 0.0000
5.94 0.0000
5.95 0.0000
5.96 0.0000
5.97 0.0000
5.98 0.0000
5.99 0.0000
6.00 0.0000
6.01 259.7434
6.02 259.7434
6.03 260.6828
6.04 262.5718
6.05 266.3910
6.06 270.2657
6.07 272.2242
6.08 273.2087
6.09 273.2087
6.10 275.1885
6.11 277.1826
6.12 281.2143
6.13 283.2521
6.14 287.3721
6.15 288.4115
6.16 292.6065
6.17 293.6648
6.18 293.6648
6.19 293.6648
6.20 293.6648
6.21 293.6648
6.22 293.6648
6.23 291.5521
6.24 291.5521
6.25 290.5014
6.26 289.4546
6.27 289.4546
6.28 0.0000
6.29 0.0000
6.30 0.0000
6.31 0.0000
6.32 0.0000
6.33 0.0000
6.34 0.0000
6.35 0.0000
6.36 0.0000
6.37 259.7434
6.38 260.6828
6.39 265.4310
6.40 266.3910
6.41 266.3910
6.42 267.3544
6.43 268.3214
6.44 269.2918
6.45 269.2918
6.46 269.2918
6.47 269.2918
6.48 269.2918
6.49 268.3214
6.50 268.3214
6.51 267.3544
6.52 266.3910
6.53 266.3910
6.54 265.4310
6.55 264.4745
6.56 262.5718
6.57 261.6256
6.58 261.6256
6.59 261.6256
6.60 261.6256
6.61 262.5718
6.62 262.5718
6.63 262.5718
6.64 262.5718
6.65 260.6828
6.66 260.6828
6.67 260.6828
6.68 260.6828
6.69 0.0000
6.70 0.0000
6.71 0.0000
6.72 0.0000
6.73 248.7311
6.74 248.7311
6.75 248.7311
6.76 241.6502
6.77 240.7794
6.78 235.6200
6.79 233.9249
6.80 233.9249
6.81 233.9249
6.82 233.9249
6.83 233.9249
6.84 235.6200
6.85 237.3274
6.86 239.0471
6.87 241.6502
6.88 243.4013
6.89 248.7311
6.90 249.6307
6.91 252.3490
6.92 254.1776
6.93 255.0969
6.94 256.9454
6.95 256.9454
6.96 256.9454
6.97 256.9454
6.98 256.9454
6.99 256.9454
7.00 256.9454
7.01 256.9454
7.02 257.8747
7.03 257.8747
7.04 257.8747
7.05 257.8747
7.06 257.8747
7.07 257.8747
7.08 257.8747
7.09 257.8747
7.10 257.8747
7.11 257.8747
7.12 257.8747
7.13 258.8073
7.14 258.8073
7.15 258.8073
7.16 258.8073
7.17 258.8073
7.18 258.8073
7.19 258.8073
7.20 258.8073
7.21 258.8073
7.22 258.8073
7.23 258.8073
7.24 258.8073
7.25 259.7434
7.26 259.7434
7.27 259.7434
7.28 259.7434
7.29 259.7434
7.30 259.7434
7.31 259.7434
7.32 259.7434
7.33 259.7434
7.34 259.7434
7.35 260.6828
7.36 260.6828
7.37 260.6828
7.38 260.6828
7.39 260.6828
7.40 261.6256
7.41 262.5718
7.42 263.5214
7.43 263.5214
7.44 263.5214
7.45 263.5214
7.46 263.5214
7.47 263.5214
7.48 262.5718
7.49 261.6256
7.50 258.8073
7.51 249.6307
7.52 248.7311
7.53 240.7794
7.54 232.2419
7.55 218.4173
7.56 211.4347
7.57 211.4347
7.58 210.6727
7.59 210.6727
7.60 210.6727
7.61 211.4347
7.62 212.1993
7.63 212.1993
7.64 212.1993
7.65 212.1993
7.66 211.4347
7.67 208.4034
7.68 207.6523
7.69 206.1584
7.70 200.2895
7.71 184.3305
7.72 182.3449
7.73 177.1539
7.74 175.8794
7.75 175.8794
7.76 175.8794
7.77 175.8794
7.78 175.2456
7.79 175.2456
7.80 175.2456
7.81 175.2456
7.82 175.2456
7.83 174.6141
7.84 174.6141
7.85 171.4905
7.86 171.4905
7.87 171.4905
7.88 171.4905
7.89 170.8725
7.90 169.0319
7.91 168.4227
7.92 167.8158
7.93 167.2111
7.94 166.6085
7.95 166.6085
7.96 166.6085
7.97 166.6085
7.98 166.6085
7.99 166.0081
8.00 166.0081
8.01 166.0081
8.02 165.4099
8.03 165.4099
8.04 163.6281
8.05 163.0384
8.06 163.0384
8.07 163.0384
8.08 163.0384
8.09 163.0384
8.10 165.4099
8.11 166.0081
8.12 167.8158
8.13 169.0319
8.14 169.6432
8.15 171.4905
8.16 175.2456
8.17 175.2456
8.18 175.8794
8.19 176.5155
8.20 177.7946
8.21 178.4377
8.22 179.7307
8.23 183.0044
8.24 184.9972
8.25 186.3378
8.26 189.0481
8.27 189.7318
8.28 190.4180
8.29 191.1067
8.30 191.7979
8.31 191.7979
8.32 191.7979
8.33 192.4916
8.34 194.5877
8.35 195.2914
8.36 195.9977
8.37 195.9977
8.38 195.9977
8.39 195.9977
8.40 195.9977
8.41 195.9977
8.42 195.9977
8.43 194.5877
8.44 194.5877
8.45 193.8864
8.46 193.1877
8.47 193.1877
8.48 193.1877
8.49 193.1877
8.50 193.1877
8.51 193.1877
8.52 193.1877
8.53 193.1877
8.54 193.1877
8.55 193.1877
8.56 193.1877
8.57 193.1877
8.58 193.1877
8.59 193.1877
8.60 193.1877
8.61 193.1877
8.62 193.1877
8.63 193.1877
8.64 193.1877
8.65 193.8864
8.66 194.5877
8.67 194.5877
8.68 195.2914
8.69 195.2914
8.70 195.2914
8.71 195.2914
8.72 195.2914
8.73 195.2914
8.74 195.2914
8.75 195.2914
8.76 195.2914
8.77 193.8864
8.78 184.3305
8.79 184.3305
8.80 171.4905
8.81 0.0000
8.82 0.0000
8.83 0.0000
8.84 0.0000
8.85 0.0000
8.86 0.0000
8.87 0.0000
8.88 171.4905
8.89 171.4905
8.90 171.4905
8.91 172.1107
8.92 174.6141
8.93 177.7946
8.94 182.3449
8.95 184.3305
8.96 186.3378
8.97 200.2895
8.98 201.0139
8.99 207.6523
9.00 211.4347
9.01 217.6302
9.02 218.4173
9.03 220.0000
9.04 220.0000
9.05 220.0000
9.06 219.2072
9.07 219.2072
9.08 217.6302
9.09 216.8459
9.10 211.4347
9.11 208.4034
9.12 201.7409
9.13 201.0139
9.14 201.0139
9.15 200.2895
9.16 198.8486
9.17 198.1320
9.18 198.1320
9.19 198.1320
9.20 198.8486
9.21 198.8486
9.22 199.5677
9.23 199.5677
9.24 199.5677
9.25 199.5677
9.26 199.5677
9.27 199.5677
9.28 197.4180
9.29 195.9977
9.30 195.2914
9.31 194.5877
9.32 193.1877
9.33 0.0000
9.34 0.0000
9.35 0.0000
9.36 0.0000
9.37 0.0000
9.38 0.0000
9.39 0.0000
9.40 0.0000
9.41 0.0000
9.42 0.0000
9.43 0.0000
9.44 0.0000
9.45 0.0000
9.46 0.0000
9.47 175.8794
9.48 175.8794
9.49 175.8794
9.50 175.2456
9.51 175.2456
9.52 175.2456
9.53 175.2456
9.54 174.6141
9.55 171.4905
9.56 171.4905
9.57 171.4905
9.58 171.4905
9.59 171.4905
9.60 172.1107
9.61 174.6141
9.62 174.6141
9.63 174.6141
9.64 174.6141
9.65 174.6141
9.66 174.6141
9.67 174.6141
9.68 175.2456
9.69 175.2456
9.70 175.2456
9.71 175.8794
9.72 175.8794
9.73 175.8794
9.74 175.8794
9.75 175.8794
9.76 175.8794
9.77 175.8794
9.78 175.8794
9.79 175.8794
9.80 175.8794
9.81 175.8794
9.82 175.8794
9.83 175.8794
9.84 175.8794
9.85 175.8794
9.86 175.8794
9.87 175.8794
9.88 176.5155
9.89 177.1539
9.90 177.7946
9.91 177.7946
9.92 177.7946
9.93 178.4377
9.94 179.0830
9.95 179.0830
9.96 179.0830
9.97 179.0830
9.98 179.0830
9.99 178.4377
10.00 177.7946
10.01 177.1539
10.02 175.8794
10.03 175.8794
10.04 175.2456
10.05 175.2456
10.06 174.6141
10.07 0.0000
10.08 0.0000
10.09 0.0000
10.10 0.0000
10.11 0.0000
10.12 0.0000
10.13 0.0000
10.14 0.0000
10.15 0.0000
10.16 0.0000
10.17 0.0000
10.18 0.0000
10.19 0.0000
10.20 0.0000
10.21 0.0000
10.22 0.0000
10.23 0.0000
10.24 0.0000
10.25 0.0000
10.26 0.0000
10.27 0.0000
10.28 0.0000
10.29 0.0000
10.30 0.0000
10.31 0.0000
10.32 0.0000
10.33 0.0000
10.34 0.0000
10.35 0.0000
10.36 0.0000
10.37 0.0000
10.38 0.0000
10.39 0.0000
10.40 0.0000
10.41 0.0000
10.42 0.0000
10.43 0.0000
10.44 0.0000
10.45 0.0000
10.46 0.0000
10.47 0.0000
10.48 0.0000
10.49 0.0000
10.50 0.0000
10.51 0.0000
10.52 0.0000
10.53 0.0000
10.54 0.0000
10.55 0.0000
10.56 0.0000
10.57 0.0000
10.58 0.0000
10.59 0.0000
10.60 0.0000
10.61 0.0000
10.62 0.0000
10.63 0.0000
10.64 0.0000
10.65 0.0000
10.66 0.0000
10.67 0.0000
10.68 0.0000
10.69 0.0000
10.70 0.0000
10.71 0.0000
10.72 0.0000
10.73 0.0000
10.74 0.0000
10.75 0.0000
10.76 0.0000
10.77 0.0000
10.78 0.0000
10.79 0.0000
10.80 0.0000
10.81 0.0000
10.82 0.0000
10.83 0.0000
10.84 0.0000
10.85 0.0000
10.86 0.0000
10.87 0.0000
10.88 0.0000
10.89 0.0000
10.90 0.0000
10.91 0.0000
10.92 0.0000
10.93 0.0000
10.94 0.0000
10.95 0.0000
10.96 0.0000
10.97 0.0000
10.98 0.0000
10.99 0.0000
11.00 0.0000
11.01 0.0000
11.02 0.0000
11.03 0.0000
11.04 0.0000
11.05 0.0000
11.06 0.0000
11.07 0.0000
11.08 0.0000
11.09 0.0000
11.10 0.0000
11.11 0.0000
11.12 0.0000
11.13 0.0000
11.14 0.0000
11.15 0.0000
11.16 0.0000
11.17 0.0000
11.18 0.0000
11.19 0.0000
11.20 0.0000
11.21 0.0000
11.22 0.0000
11.23 0.0000
11.24 0.0000
11.25 0.0000
11.26 0.0000
11.27 0.0000
11.28 0.0000
11.29 0.0000
11.30 0.0000
11.31 0.0000
11.32 0.0000
11.33 0.0000
11.34 0.0000
11.35 0.0000
11.36 0.0000
11.37 0.0000
11.38 0.0000
11.39 0.0000
11.40 0.0000
11.41 0.0000
11.42 0.0000
11.43 0.0000
11.44 0.0000
11.45 0.0000
11.46 0.0000
11.47 0.0000
11.48 0.0000
11.49 0.0000
11.50 0.0000
11.51 0.0000
11.52 0.0000
11.53 219.2072
11.54 232.2419
11.55 241.6502
11.56 249.6307
11.57 259.7434
11.58 259.7434
11.59 266.3910
11.60 272.2242
11.61 274.1968
11.62 277.1826
11.63 282.2314
11.64 282.2314
11.65 282.2314
11.66 282.2314
11.67 282.2314
11.68 281.2143
11.69 279.1912
11.70 278.1851
11.71 278.1851
11.72 278.1851
11.73 278.1851
11.74 278.1851
11.75 278.1851
11.76 278.1851
11.77 278.1851
11.78 278.1851
11.79 277.1826
11.80 277.1826
11.81 249.6307
11.82 249.6307
11.83 249.6307
11.84 249.6307
11.85 266.3910
11.86 270.2657
11.87 270.2657
11.88 270.2657
11.89 270.2657
11.90 269.2918
11.91 268.3214
11.92 268.3214
11.93 266.3910
11.94 266.3910
11.95 266.3910
11.96 266.3910
11.97 266.3910
11.98 266.3910
11.99 267.3544
12.00 267.3544
12.01 267.3544
12.02 267.3544
12.03 266.3910
12.04 266.3910
12.05 265.4310
12.06 264.4745
12.07 262.5718
12.08 262.5718
12.09 262.5718
12.10 262.5718
12.11 262.5718
12.12 262.5718
12.13 263.5214
12.14 263.5214
12.15 263.5214
12.16 264.4745
12.17 265.4310
12.18 265.4310
12.19 265.4310
12.20 265.4310
12.21 265.4310
12.22 265.4310
12.23 265.4310
12.24 265.4310
12.25 265.4310
12.26 265.4310
12.27 265.4310
12.28 265.4310
12.29 265.4310
12.30 265.4310
12.31 265.4310
12.32 265.4310
12.33 265.4310
12.34 265.4310
12.35 265.4310
12.36 265.4310
12.37 265.4310
12.38 265.4310
12.39 265.4310
12.40 265.4310
12.41 265.4310
12.42 265.4310
12.43 265.4310
12.44 265.4310
12.45 265.4310
12.46 265.4310
12.47 265.4310
12.48 265.4310
12.49 264.4745
12.50 263.5214
12.51 262.5718
12.52 262.5718
12.53 261.6256
12.54 260.6828
12.55 260.6828
12.56 260.6828
12.57 261.6256
12.58 262.5718
12.59 263.5214
12.60 263.5214
12.61 264.4745
12.62 264.4745
12.63 264.4745
12.64 264.4745
12.65 264.4745
12.66 264.4745
12.67 264.4745
12.68 264.4745
12.69 264.4745
12.70 264.4745
12.71 263.5214
12.72 263.5214
12.73 262.5718
12.74 261.6256
12.75 259.7434
12.76 259.7434
12.77 255.0969
12.78 254.1776
12.79 249.6307
12.80 248.7311
12.81 247.8348
12.82 0.0000
12.83 0.0000
12.84 0.0000
12.85 0.0000
12.86 0.0000
12.87 0.0000
12.88 0.0000
12.89 0.0000
12.90 0.0000
12.91 0.0000
12.92 0.0000
12.93 0.0000
12.94 0.0000
12.95 0.0000
12.96 0.0000
12.97 0.0000
12.98 0.0000
12.99 0.0000
13.00 0.0000
13.01 0.0000
13.02 0.0000
13.03 0.0000
13.04 0.0000
13.05 0.0000
13.06 0.0000
13.07 0.0000
13.08 0.0000
13.09 0.0000
13.10 0.0000
13.11 0.0000
13.12 0.0000
13.13 0.0000
13.14 0.0000
13.15 0.0000
13.16 0.0000
13.17 0.0000
13.18 0.0000
13.19 0.0000
13.20 0.0000
13.21 0.0000
13.22 0.0000
13.23 0.0000
13.24 0.0000
13.25 0.0000
13.26 0.0000
13.27 0.0000
13.28 0.0000
13.29 0.0000
13.30 0.0000
13.31 0.0000
13.32 0.0000
13.33 0.0000
13.34 0.0000
13.35 0.0000
13.36 0.0000
13.37 0.0000
13.38 0.0000
13.39 0.0000
13.40 146.3033
13.41 154.4443
13.42 155.0029
13.43 155.0029
13.44 155.5635
13.45 157.8262
13.46 166.0081
13.47 166.0081
13.48 166.0081
13.49 166.0081
13.50 165.4099
13.51 163.0384
13.52 160.1219
13.53 160.1219
13.54 160.1219
13.55 157.8262
13.56 155.0029
13.57 154.4443
13.58 154.4443
13.59 154.4443
13.60 154.4443
13.61 155.5635
13.62 157.8262
13.63 166.6085
13.64 177.7946
13.65 177.7946
13.66 177.7946
13.67 179.7307
13.68 184.3305
13.69 191.7979
13.70 191.7979
13.71 192.4916
13.72 192.4916
13.73 193.1877
13.74 193.1877
13.75 193.8864
13.76 193.8864
13.77 193.8864
13.78 193.8864
13.79 193.8864
13.80 193.8864
13.81 193.8864
13.82 193.8864
13.83 194.5877
13.84 194.5877
13.85 194.5877
13.86 195.2914
13.87 195.2914
13.88 195.2914
13.89 195.2914
13.90 195.9977
13.91 197.4180
13.92 198.1320
13.93 198.1320
13.94 198.1320
13.95 199.5677
13.96 199.5677
13.97 199.5677
13.98 199.5677
13.99 199.5677
14.00 199.5677
14.01 199.5677
14.02 199.5677
14.03 200.2895
14.04 200.2895
14.05 200.2895
14.06 200.2895
14.07 200.2895
14.08 200.2895
14.09 200.2895
14.10 200.2895
14.11 200.2895
14.12 199.5677
14.13 198.8486
14.14 198.1320
14.15 196.7066
14.16 196.7066
14.17 196.7066
14.18 196.7066
14.19 196.7066
14.20 196.7066
14.21 196.7066
14.22 197.4180
14.23 197.4180
14.24 197.4180
14.25 197.4180
14.26 198.1320
14.27 198.1320
14.28 198.1320
14.29 198.1320
14.30 198.1320
14.31 198.1320
14.32 198.1320
14.33 198.1320
14.34 198.8486
14.35 198.8486
14.36 198.8486
14.37 199.5677
14.38 199.5677
14.39 200.2895
14.40 200.2895
14.41 200.2895
14.42 200.2895
14.43 200.2895
14.44 199.5677
14.45 199.5677
14.46 198.8486
14.47 198.8486
14.48 198.8486
14.49 198.8486
14.50 198.8486
14.51 198.8486
14.52 198.8486
14.53 199.5677
14.54 199.5677
14.55 199.5677
14.56 199.5677
14.57 199.5677
14.58 199.5677
14.59 200.2895
14.60 200.2895
14.61 200.2895
14.62 200.2895
14.63 200.2895
14.64 200.2895
14.65 200.2895
14.66 201.0139
14.67 201.7409
14.68 201.7409
14.69 202.4705
14.70 202.4705
14.71 202.4705
14.72 202.4705
14.73 202.4705
14.74 201.7409
14.75 201.0139
14.76 0.0000
14.77 0.0000
14.78 0.0000
14.79 0.0000
14.80 0.0000
14.81 0.0000
14.82 0.0000
14.83 0.0000
14.84 0.0000
14.85 0.0000
14.86 0.0000
14.87 0.0000
14.88 0.0000
14.89 0.0000
14.90 207.6523
14.91 207.6523
14.92 207.6523
14.93 201.0139
14.94 201.0139
14.95 200.2895
14.96 194.5877
14.97 194.5877
14.98 194.5877
14.99 194.5877
15.00 194.5877
15.01 195.9977
15.02 196.7066
15.03 198.8486
15.04 200.2895
15.05 201.0139
15.06 203.2028
15.07 206.1584
15.08 206.9040
15.09 208.4034
15.10 209.1571
15.11 209.9135
15.12 210.6727
15.13 211.4347
15.14 212.1993
15.15 213.7370
15.16 215.2859
15.17 216.0645
15.18 216.8459
15.19 216.8459
15.20 216.8459
15.21 217.6302
15.22 218.4173
15.23 219.2072
15.24 220.0000
15.25 220.7957
15.26 221.5942
15.27 223.2000
15.28 223.2000
15.29 224.0072
15.30 224.8174
15.31 224.8174
15.32 225.6305
15.33 225.6305
15.34 225.6305
15.35 225.6305
15.36 225.6305
15.37 225.6305
15.38 226.4465
15.39 231.4050
15.40 236.4721
15.41 239.0471
15.42 240.7794
15.43 240.7794
15.44 240.7794
15.45 240.7794
15.46 239.9117
15.47 239.0471
15.48 239.0471
15.49 239.0471
15.50 239.0471
15.51 239.0471
15.52 239.0471
15.53 240.7794
15.54 243.4013
15.55 248.7311
15.56 249.6307
15.57 254.1776
15.58 256.0195
15.59 259.7434
15.60 260.6828
15.61 261.6256
15.62 262.5718
15.63 262.5718
15.64 262.5718
15.65 262.5718
15.66 262.5718
15.67 262.5718
15.68 262.5718
15.69 262.5718
15.70 262.5718
15.71 262.5718
15.72 261.6256
15.73 261.6256
15.74 261.6256
15.75 261.6256
15.76 261.6256
15.77 262.5718
15.78 263.5214
15.79 264.4745
15.80 264.4745
15.81 266.3910
15.82 266.3910
15.83 266.3910
15.84 266.3910
15.85 266.3910
15.86 266.3910
15.87 266.3910
15.88 266.3910
15.89 266.3910
15.90 266.3910
15.91 266.3910
15.92 266.3910
15.93 266.3910
15.94 266.3910
15.95 266.3910
15.96 266.3910
15.97 266.3910
15.98 266.3910
15.99 267.3544
16.00 267.3544
16.01 267.3544
16.02 267.3544
16.03 267.3544
16.04 267.3544
16.05 266.3910
16.06 266.3910
16.07 266.3910
16.08 266.3910
16.09 266.3910
16.10 265.4310
16.11 265.4310
16.12 264.4745
16.13 262.5718
16.14 262.5718
16.15 260.6828
16.16 259.7434
16.17 259.7434
16.18 255.0969
16.19 0.0000
16.20 0.0000
16.21 0.0000
16.22 0.0000
16.23 0.0000
16.24 0.0000
16.25 0.0000
16.26 0.0000
16.27 0.0000
16.28 0.0000
16.29 0.0000
16.30 0.0000
16.31 0.0000
16.32 0.0000
16.33 0.0000
16.34 0.0000
16.35 0.0000
16.36 0.0000
16.37 0.0000
16.38 0.0000
16.39 0.0000
16.40 0.0000
16.41 0.0000
16.42 0.0000
16.43 0.0000
16.44 0.0000
16.45 0.0000
16.46 0.0000
16.47 0.0000
16.48 0.0000
16.49 0.0000
16.50 0.0000
16.51 0.0000
16.52 0.0000
16.53 0.0000
16.54 0.0000
16.55 0.0000
16.56 0.0000
16.57 0.0000
16.58 0.0000
16.59 0.0000
16.60 0.0000
16.61 0.0000
16.62 0.0000
16.63 0.0000
16.64 0.0000
16.65 0.0000
16.66 0.0000
16.67 0.0000
16.68 0.0000
16.69 0.0000
16.70 0.0000
16.71 0.0000
16.72 0.0000
16.73 0.0000
16.74 0.0000
16.75 0.0000
16.76 0.0000
16.77 0.0000
16.78 0.0000
16.79 0.0000
16.80 0.0000
16.81 0.0000
16.82 0.0000
16.83 0.0000
16.84 0.0000
16.85 0.0000
16.86 0.0000
16.87 0.0000
16.88 0.0000
16.89 0.0000
16.90 0.0000
16.91 0.0000
16.92 0.0000
16.93 0.0000
16.94 0.0000
16.95 0.0000
16.96 0.0000
16.97 0.0000
16.98 0.0000
16.99 0.0000
17.00 0.0000
17.01 0.0000
17.02 249.6307
17.03 249.6307
17.04 259.7434
17.05 260.6828
17.06 262.5718
17.07 266.3910
17.08 272.2242
17.09 273.2087
17.10 275.1885
17.11 277.1826
17.12 278.1851
17.13 282.2314
17.14 284.2766
17.15 285.3047
17.16 287.3721
17.17 288.4115
17.18 288.4115
17.19 288.4115
17.20 288.4115
17.21 286.3366
17.22 285.3047
17.23 283.2521
17.24 283.2521
17.25 278.1851
17.26 278.1851
17.27 278.1851
17.28 277.1826
17.29 249.6307
17.30 249.6307
17.31 249.6307
17.32 249.6307
17.33 259.7434
17.34 261.6256
17.35 262.5718
17.36 262.5718
17.37 262.5718
17.38 262.5718
17.39 261.6256
17.40 261.6256
17.41 259.7434
17.42 259.7434
17.43 259.7434
17.44 259.7434
17.45 259.7434
17.46 260.6828
17.47 262.5718
17.48 264.4745
17.49 264.4745
17.50 264.4745
17.51 265.4310
17.52 265.4310
17.53 266.3910
17.54 266.3910
17.55 266.3910
17.56 266.3910
17.57 266.3910
17.58 266.3910
17.59 265.4310
17.60 265.4310
17.61 265.4310
17.62 265.4310
17.63 265.4310
17.64 265.4310
17.65 265.4310
17.66 265.4310
17.67 265.4310
17.68 265.4310
17.69 265.4310
17.70 265.4310
17.71 265.4310
17.72 265.4310
17.73 265.4310
17.74 265.4310
17.75 265.4310
17.76 265.4310
17.77 265.4310
17.78 265.4310
17.79 265.4310
17.80 265.4310
17.81 265.4310
17.82 264.4745
17.83 264.4745
17.84 264.4745
17.85 264.4745
17.86 264.4745
17.87 263.5214
17.88 263.5214
17.89 262.5718
17.90 262.5718
17.91 262.5718
17.92 262.5718
17.93 262.5718
17.94 262.5718
17.95 262.5718
17.96 262.5718
17.97 262.5718
17.98 262.5718
17.99 262.5718
18.00 263.5214
18.01 263.5214
18.02 264.4745
18.03 264.4745
18.04 265.4310
18.05 266.3910
18.06 266.3910
18.07 266.3910
18.08 266.3910
18.09 266.3910
18.10 266.3910
18.11 266.3910
18.12 266.3910
18.13 266.3910
18.14 266.3910
18.15 265.4310
18.16 265.4310
18.17 264.4745
18.18 263.5214
18.19 262.5718
18.20 262.5718
18.21 261.6256
18.22 260.6828
18.23 259.7434
18.24 258.8073
18.25 255.0969
18.26 254.1776
18.27 248.7311
18.28 243.4013
18.29 240.7794
18.30 239.9117
18.31 233.0819
18.32 231.4050
18.33 225.6305
18.34 221.5942
18.35 220.7957
18.36 220.7957
18.37 220.7957
18.38 220.7957
18.39 220.7957
18.40 220.7957
18.41 220.0000
18.42 219.2072
18.43 218.4173
18.44 217.6302
18.45 212.1993
18.46 208.4034
18.47 208.4034
18.48 200.2895
18.49 184.9972
18.50 184.3305
18.51 182.3449
18.52 179.7307
18.53 177.7946
18.54 177.1539
18.55 175.8794
18.56 175.8794
18.57 175.8794
18.58 175.8794
18.59 175.8794
18.60 176.5155
18.61 176.5155
18.62 176.5155
18.63 177.1539
18.64 177.1539
18.65 177.1539
18.66 177.1539
18.67 177.1539
18.68 177.1539
18.69 177.1539
18.70 177.1539
18.71 177.1539
18.72 177.1539
18.73 176.5155
18.74 176.5155
18.75 176.5155
18.76 176.5155
18.77 176.5155
18.78 176.5155
18.79 176.5155
18.80 175.8794
18.81 175.8794
18.82 175.8794
18.83 175.8794
18.84 175.8794
18.85 175.8794
18.86 176.5155
18.87 176.5155
18.88 176.5155
18.89 176.5155
18.90 175.8794
18.91 0.0000
18.92 0.0000
18.93 0.0000
18.94 0.0000
18.95 0.0000
18.96 0.0000
18.97 0.0000
18.98 0.0000
18.99 0.0000
19.00 0.0000
19.01 0.0000
19.02 0.0000
19.03 177.7946
19.04 177.7946
19.05 177.7946
19.06 171.4905
19.07 169.6432
19.08 169.6432
19.09 169.6432
19.10 169.6432
19.11 171.4905
19.12 175.2456
19.13 177.7946
19.14 182.3449
19.15 184.3305
19.16 186.3378
19.17 189.7318
19.18 192.4916
19.19 193.8864
19.20 195.2914
19.21 195.2914
19.22 196.7066
19.23 196.7066
19.24 196.7066
19.25 196.7066
19.26 196.7066
19.27 196.7066
19.28 196.7066
19.29 196.7066
19.30 197.4180
19.31 198.1320
19.32 198.1320
19.33 198.8486
19.34 198.8486
19.35 199.5677
19.36 199.5677
19.37 199.5677
19.38 199.5677
19.39 199.5677
19.40 199.5677
19.41 199.5677
19.42 199.5677
19.43 200.2895
19.44 200.2895
19.45 200.2895
19.46 200.2895
19.47 200.2895
19.48 201.0139
19.49 201.7409
19.50 201.7409
19.51 201.7409
19.52 201.7409
19.53 202.4705
19.54 202.4705
19.55 202.4705
19.56 202.4705
19.57 202.4705
19.58 202.4705
19.59 202.4705
19.60 202.4705
19.61 202.4705
19.62 202.4705
19.63 202.4705
19.64 202.4705
19.65 202.4705
19.66 202.4705
19.67 203.2028
19.68 203.2028
19.69 203.2028
19.70 203.2028
19.71 202.4705
19.72 201.7409
19.73 201.7409
19.74 201.0139
19.75 201.0139
19.76 201.0139
19.77 201.7409
19.78 202.4705
19.79 202.4705
19.80 202.4705
19.81 202.4705
19.82 202.4705
19.83 202.4705
19.84 203.2028
19.85 203.2028
19.86 203.2028
19.87 203.2028
19.88 203.2028
19.89 203.2028
19.90 203.9377
19.91 204.6753
19.92 206.1584
19.93 206.9040
19.94 207.6523
19.95 208.4034
19.96 209.1571
19.97 211.4347
19.98 217.6302
19.99 219.2072
20.00 221.5942
20.01 224.8174
20.02 225.6305
20.03 228.9123
20.04 228.9123
20.05 228.9123
20.06 228.9123
20.07 228.9123
20.08 227.2655
20.09 226.4465
20.10 0.0000
20.11 0.0000
20.12 0.0000
20.13 0.0000
20.14 0.0000
20.15 0.0000
20.16 0.0000
20.17 0.0000
20.18 0.0000
20.19 0.0000
20.20 0.0000
20.21 0.0000
20.22 0.0000
20.23 0.0000
20.24 0.0000
20.25 0.0000
20.26 0.0000
20.27 0.0000
20.28 0.0000
20.29 0.0000
20.30 0.0000
20.31 0.0000
20.32 0.0000
20.33 0.0000
20.34 0.0000
20.35 201.0139
20.36 203.2028
20.37 203.2028
20.38 203.2028
20.39 203.2028
20.40 203.2028
20.41 202.4705
20.42 201.7409
20.43 201.0139
20.44 200.2895
20.45 200.2895
20.46 200.2895
20.47 200.2895
20.48 200.2895
20.49 200.2895
20.50 201.0139
20.51 201.7409
20.52 202.4705
20.53 202.4705
20.54 202.4705
20.55 202.4705
20.56 202.4705
20.57 201.7409
20.58 201.7409
20.59 201.0139
20.60 201.0139
20.61 200.2895
20.62 200.2895
20.63 200.2895
20.64 200.2895
20.65 200.2895
20.66 200.2895
20.67 199.5677
20.68 199.5677
20.69 199.5677
20.70 199.5677
20.71 199.5677
20.72 198.8486
20.73 198.8486
20.74 198.1320
20.75 198.1320
20.76 198.1320
20.77 198.1320
20.78 198.1320
20.79 198.8486
20.80 198.8486
20.81 198.8486
20.82 199.5677
20.83 199.5677
20.84 200.2895
20.85 200.2895
20.86 200.2895
20.87 200.2895
20.88 200.2895
20.89 200.2895
20.90 199.5677
20.91 199.5677
20.92 199.5677
20.93 199.5677
20.94 199.5677
20.95 198.8486
20.96 198.8486
20.97 198.8486
20.98 198.8486
20.99 198.1320
21.00 198.1320
21.01 198.1320
21.02 198.1320
21.03 198.1320
21.04 198.1320
21.05 198.1320
21.06 198.1320
21.07 198.1320
21.08 197.4180
21.09 196.7066
21.10 196.7066
21.11 195.9977
21.12 195.9977
21.13 195.9977
21.14 196.7066
21.15 196.7066
21.16 196.7066
21.17 196.7066
21.18 195.9977
21.19 195.2914
21.20 0.0000
21.21 0.0000
21.22 0.0000
21.23 0.0000
21.24 0.0000
21.25 0.0000
21.26 0.0000
21.27 0.0000
21.28 0.0000
21.29 0.0000
21.30 0.0000
21.31 0.0000
21.32 0.0000
21.33 0.0000
21.34 0.0000
21.35 0.0000
21.36 0.0000
21.37 0.0000
21.38 0.0000
21.39 0.0000
21.40 0.0000
21.41 0.0000
21.42 0.0000
21.43 0.0000
21.44 0.0000
21.45 0.0000
21.46 0.0000
21.47 0.0000
21.48 0.0000
21.49 0.0000
21.50 0.0000
21.51 0.0000
21.52 0.0000
21.53 0.0000
21.54 0.0000
21.55 0.0000
21.56 0.0000
21.57 0.0000
21.58 0.0000
21.59 0.0000
21.60 0.0000
21.61 0.0000
21.62 0.0000
21.63 0.0000
21.64 0.0000
21.65 0.0000
21.66 0.0000
21.67 0.0000
21.68 0.0000
21.69 0.0000
21.70 0.0000
21.71 0.0000
21.72 0.0000
21.73 0.0000
21.74 0.0000
21.75 0.0000
21.76 0.0000
21.77 0.0000
21.78 0.0000
21.79 0.0000
21.80 0.0000
21.81 0.0000
21.82 0.0000
21.83 0.0000
21.84 0.0000
21.85 0.0000
21.86 0.0000
21.87 0.0000
21.88 0.0000
21.89 0.0000
21.90 0.0000
21.91 0.0000
21.92 0.0000
21.93 0.0000
21.94 0.0000
21.95 0.0000
21.96 0.0000
21.97 0.0000
21.98 0.0000
21.99 0.0000
22.00 0.0000
22.01 0.0000
22.02 0.0000
22.03 0.0000
22.04 0.0000
22.05 0.0000
22.06 0.0000
22.07 0.0000
22.08 0.0000
22.09 0.0000
22.10 0.0000
22.11 0.0000
22.12 0.0000
22.13 0.0000
22.14 0.0000
22.15 0.0000
22.16 0.0000
22.17 0.0000
22.18 0.0000
22.19 0.0000
22.20 0.0000
22.21 0.0000
22.22 0.0000
22.23 0.0000
22.24 0.0000
22.25 0.0000
22.26 0.0000
22.27 0.0000
22.28 0.0000
22.29 0.0000
22.30 0.0000
22.31 0.0000
22.32 0.0000
22.33 0.0000
22.34 0.0000
22.35 0.0000
22.36 0.0000
22.37 0.0000
22.38 0.0000
22.39 0.0000
22.40 0.0000
22.41 0.0000
22.42 0.0000
22.43 0.0000
22.44 0.0000
22.45 0.0000
22.46 249.6307
22.47 249.6307
22.48 259.7434
22.49 260.6828
22.50 266.3910
22.51 271.2432
22.52 273.2087
22.53 275.1885
22.54 277.1826
22.55 278.1851
22.56 282.2314
22.57 284.2766
22.58 285.3047
22.59 287.3721
22.60 289.4546
22.61 290.5014
22.62 290.5014
22.63 290.5014
22.64 290.5014
22.65 290.5014
22.66 290.5014
22.67 289.4546
22.68 289.4546
22.69 288.4115
22.70 249.6307
22.71 249.6307
22.72 249.6307
22.73 249.6307
22.74 249.6307
22.75 259.7434
22.76 262.5718
22.77 262.5718
22.78 262.5718
22.79 262.5718
22.80 262.5718
22.81 262.5718
22.82 263.5214
22.83 263.5214
22.84 264.4745
22.85 264.4745
22.86 265.4310
22.87 265.4310
22.88 265.4310
22.89 265.4310
22.90 265.4310
22.91 265.4310
22.92 263.5214
22.93 262.5718
22.94 260.6828
22.95 260.6828
22.96 260.6828
22.97 261.6256
22.98 261.6256
22.99 261.6256
23.00 261.6256
23.01 262.5718
23.02 262.5718
23.03 262.5718
23.04 262.5718
23.05 262.5718
23.06 262.5718
23.07 261.6256
23.08 261.6256
23.09 261.6256
23.10 260.6828
23.11 260.6828
23.12 260.6828
23.13 259.7434
23.14 259.7434
23.15 258.8073
23.16 258.8073
23.17 258.8073
23.18 258.8073
23.19 258.8073
23.20 259.7434
23.21 259.7434
23.22 259.7434
23.23 259.7434
23.24 259.7434
23.25 258.8073
23.26 258.8073
23.27 258.8073
23.28 258.8073
23.29 258.8073
23.30 259.7434
23.31 259.7434
23.32 259.7434
23.33 261.6256
23.34 262.5718
23.35 263.5214
23.36 264.4745
23.37 264.4745
23.38 264.4745
23.39 264.4745
23.40 264.4745
23.41 264.4745
23.42 264.4745
23.43 264.4745
23.44 263.5214
23.45 263.5214
23.46 263.5214
23.47 262.5718
23.48 262.5718
23.49 262.5718
23.50 261.6256
23.51 261.6256
23.52 260.6828
23.53 259.7434
23.54 259.7434
23.55 259.7434
23.56 258.8073
23.57 257.8747
23.58 257.8747
23.59 256.9454
23.60 256.0195
23.61 255.0969
23.62 254.1776
23.63 254.1776
23.64 253.2616
23.65 252.3490
23.66 250.5335
23.67 248.7311
23.68 247.8348
23.69 247.8348
23.70 246.0518
23.71 245.1651
23.72 244.2816
23.73 243.4013
23.74 243.4013
23.75 241.6502
23.76 240.7794
23.77 239.9117
23.78 239.9117
23.79 239.9117
23.80 240.7794
23.81 240.7794
23.82 240.7794
23.83 239.9117
23.84 239.0471
23.85 233.9249
23.86 232.2419
23.87 225.6305
23.88 220.7957
23.89 218.4173
23.90 217.6302
23.91 211.4347
23.92 207.6523
23.93 201.0139
23.94 201.0139
23.95 199.5677
23.96 195.2914
23.97 193.1877
23.98 191.7979
23.99 191.1067
24.00 188.3669
24.01 185.6663
24.02 184.3305
24.03 183.0044
24.04 182.3449
24.05 177.7946
24.06 175.2456
24.07 171.4905
24.08 0.0000
24.09 0.0000
24.10 0.0000
24.11 0.0000
24.12 0.0000
24.13 0.0000
24.14 0.0000
24.15 175.2456
24.16 175.8794
24.17 175.8794
24.18 176.5155
24.19 176.5155
24.20 176.5155
24.21 176.5155
24.22 176.5155
24.23 176.5155
24.24 176.5155
24.25 176.5155
24.26 176.5155
24.27 176.5155
24.28 176.5155
24.29 176.5155
24.30 176.5155
24.31 176.5155
24.32 177.1539
24.33 177.7946
24.34 177.7946
24.35 179.7307
24.36 183.0044
24.37 184.3305
24.38 185.6663
24.39 186.3378
24.40 186.3378
24.41 186.3378
24.42 186.3378
24.43 185.6663
24.44 184.9972
24.45 184.3305
24.46 183.6663
24.47 182.3449
24.48 182.3449
24.49 179.7307
24.50 179.7307
24.51 179.7307
24.52 179.7307
24.53 183.0044
24.54 185.6663
24.55 186.3378
24.56 192.4916
24.57 195.2914
24.58 196.7066
24.59 198.1320
24.60 198.8486
24.61 198.8486
24.62 198.8486
24.63 199.5677
24.64 199.5677
24.65 199.5677
24.66 200.2895
24.67 200.2895
24.68 201.0139
24.69 201.0139
24.70 201.0139
24.71 201.0139
24.72 201.0139
24.73 201.0139
24.74 201.0139
24.75 200.2895
24.76 200.2895
24.77 184.3305
24.78 184.3305
24.79 0.0000
24.80 0.0000
24.81 0.0000
24.82 200.2895
24.83 200.2895
24.84 200.2895
24.85 200.2895
24.86 200.2895
24.87 200.2895
24.88 200.2895
24.89 200.2895
24.90 200.2895
24.91 200.2895
24.92 200.2895
24.93 201.0139
24.94 201.7409
24.95 202.4705
24.96 203.2028
24.97 204.6753
24.98 205.4155
24.99 205.4155
25.00 205.4155
25.01 205.4155
25.02 204.6753
25.03 203.9377
25.04 203.2028
25.05 203.2028
25.06 203.2028
25.07 203.2028
25.08 204.6753
25.09 206.1584
25.10 207.6523
25.11 212.1993
25.12 212.1993
25.13 218.4173
25.14 222.3956
25.15 224.8174
25.16 225.6305
25.17 226.4465
25.18 230.5711
25.19 230.5711
25.20 230.5711
25.21 230.5711
25.22 229.7402
25.23 228.9123
25.24 228.9123
25.25 228.9123
25.26 228.9123
25.27 228.9123
25.28 228.9123
25.29 228.9123
25.30 228.9123
25.31 228.9123
25.32 228.9123
25.33 228.9123
25.34 228.9123
25.35 228.9123
25.36 228.9123
25.37 228.9123
25.38 228.9123
25.39 228.9123
25.40 227.2655
25.41 226.4465
25.42 225.6305
25.43 221.5942
25.44 218.4173
25.45 211.4347
25.46 208.4034
25.47 208.4034
25.48 208.4034
25.49 184.3305
25.50 171.4905
25.51 171.4905
25.52 166.0081
25.53 166.0081
25.54 166.0081
25.55 166.6085
25.56 167.2111
25.57 168.4227
25.58 169.6432
25.59 170.2567
25.60 171.4905
25.61 171.4905
25.62 171.4905
25.63 171.4905
25.64 171.4905
25.65 172.1107
25.66 172.1107
25.67 172.1107
25.68 172.7332
25.69 173.3579
25.70 174.6141
25.71 175.2456
25.72 175.2456
25.73 175.2456
25.74 175.2456
25.75 175.2456
25.76 175.2456
25.77 175.2456
25.78 175.2456
25.79 175.2456
25.80 175.8794
25.81 175.8794
25.82 175.8794
25.83 175.8794
25.84 175.8794
25.85 175.8794
25.86 175.8794
25.87 175.8794
25.88 175.8794
25.89 175.8794
25.90 175.8794
25.91 175.8794
25.92 175.8794
25.93 175.8794
25.94 175.8794
25.95 175.8794
25.96 175.2456
25.97 174.6141
25.98 172.1107
25.99 171.4905
26.00 166.6085
26.01 165.4099
26.02 160.1219
26.03 158.3970
26.04 155.0029
26.05 155.0029
26.06 153.3332
26.07 151.6815
26.08 151.6815
26.09 151.1349
26.10 150.0476
26.11 148.9681
26.12 147.8964
26.13 147.8964
26.14 147.8964
26.15 146.3033
26.16 145.7760
26.17 142.6524
26.18 142.6524
26.19 142.6524
26.20 135.1329
26.21 132.7155
26.22 132.7155
26.23 130.8128
26.24 130.3414
26.25 129.8717
26.26 129.8717
26.27 128.0097
26.28 128.0097
26.29 128.0097
26.30 128.0097
26.31 128.0097
26.32 128.0097
26.33 128.0097
26.34 128.0097
26.35 130.3414
26.36 130.3414
26.37 130.3414
26.38 130.3414
26.39 129.8717
26.40 129.8717
26.41 129.8717
26.42 129.8717
26.43 129.8717
26.44 129.8717
26.45 129.8717
26.46 129.8717
26.47 129.8717
26.48 129.8717
26.49 130.3414
26.50 130.8128
26.51 130.8128
26.52 130.8128
26.53 130.3414
26.54 130.3414
26.55 130.3414
26.56 130.3414
26.57 130.3414
26.58 130.8128
26.59 132.7155
26.60 132.7155
26.61 132.7155
26.62 133.1955
26.63 133.1955
26.64 133.1955
26.65 133.1955
26.66 132.7155
26.67 132.7155
26.68 132.7155
26.69 132.7155
26.70 132.7155
26.71 130.8128
26.72 130.8128
26.73 130.8128
26.74 130.8128
26.75 130.8128
26.76 130.8128
26.77 132.7155
26.78 132.7155
26.79 132.7155
26.80 132.7155
26.81 132.7155
26.82 132.7155
26.83 132.7155
26.84 132.2372
26.85 129.8717
26.86 129.4037
26.87 0.0000
26.88 0.0000
26.89 0.0000
26.90 0.0000
26.91 0.0000
26.92 0.0000
26.93 0.0000
26.94 0.0000
26.95 0.0000
26.96 0.0000
26.97 0.0000
26.98 0.0000
26.99 0.0000
27.00 0.0000
27.01 0.0000
27.02 0.0000
27.03 0.0000
27.04 0.0000
27.05 0.0000
27.06 0.0000
27.07 0.0000
27.08 0.0000
27.09 0.0000
27.10 0.0000
27.11 0.0000
27.12 0.0000
27.13 0.0000
27.14 0.0000
27.15 0.0000
27.16 0.0000
27.17 0.0000
27.18 0.0000
27.19 0.0000
27.20 0.0000
27.21 0.0000
27.22 0.0000
27.23 0.0000
27.24 0.0000
27.25 0.0000
27.26 0.0000
27.27 0.0000
27.28 0.0000
27.29 0.0000
27.30 0.0000
27.31 0.0000
27.32 0.0000
27.33 0.0000
27.34 0.0000
27.35 0.0000
27.36 0.0000
27.37 0.0000
27.38 0.0000
27.39 0.0000
27.40 0.0000
27.41 0.0000
27.42 0.0000
27.43 0.0000
27.44 0.0000
27.45 0.0000
27.46 0.0000
27.47 0.0000
27.48 0.0000
27.49 0.0000
27.50 0.0000
27.51 0.0000
27.52 0.0000
27.53 0.0000
27.54 0.0000
27.55 0.0000
27.56 0.0000
27.57 0.0000
27.58 0.0000
27.59 0.0000
27.60 0.0000
27.61 0.0000
27.62 0.0000
27.63 0.0000
27.64 0.0000
27.65 0.0000
27.66 0.0000
27.67 0.0000
27.68 0.0000
27.69 0.0000
27.70 0.0000
27.71 0.0000
27.72 0.0000
27.73 0.0000
27.74 0.0000
27.75 0.0000
27.76 0.0000
27.77 0.0000
27.78 0.0000
27.79 0.0000
27.80 0.0000
27.81 0.0000
27.82 0.0000
27.83 0.0000
27.84 0.0000
27.85 0.0000
27.86 249.6307
27.87 259.7434
27.88 265.4310
27.89 271.2432
27.90 277.1826
27.91 277.1826
27.92 283.2521
27.93 284.2766
27.94 284.2766
27.95 284.2766
27.96 283.2521
27.97 283.2521
27.98 283.2521
27.99 283.2521
28.00 282.2314
28.01 277.1826
28.02 273.2087
28.03 271.2432
28.04 267.3544
28.05 266.3910
28.06 266.3910
28.07 265.4310
28.08 264.4745
28.09 262.5718
28.10 259.7434
28.11 254.1776
28.12 254.1776
28.13 254.1776
28.14 259.7434
28.15 259.7434
28.16 266.3910
28.17 266.3910
28.18 266.3910
28.19 266.3910
28.20 266.3910
28.21 266.3910
28.22 266.3910
28.23 266.3910
28.24 265.4310
28.25 265.4310
28.26 265.4310
28.27 265.4310
28.28 265.4310
28.29 265.4310
28.30 265.4310
28.31 265.4310
28.32 265.4310
28.33 265.4310
28.34 265.4310
28.35 265.4310
28.36 265.4310
28.37 265.4310
28.38 265.4310
28.39 265.4310
28.40 265.4310
28.41 265.4310
28.42 265.4310
28.43 265.4310
28.44 265.4310
28.45 265.4310
28.46 265.4310
28.47 264.4745
28.48 263.5214
28.49 263.5214
28.50 262.5718
28.51 262.5718
28.52 261.6256
28.53 261.6256
28.54 261.6256
28.55 260.6828
28.56 260.6828
28.57 259.7434
28.58 259.7434
28.59 259.7434
28.60 259.7434
28.61 259.7434
28.62 259.7434
28.63 259.7434
28.64 260.6828
28.65 261.6256
28.66 262.5718
28.67 263.5214
28.68 264.4745
28.69 265.4310
28.70 265.4310
28.71 266.3910
28.72 266.3910
28.73 266.3910
28.74 266.3910
28.75 266.3910
28.76 265.4310
28.77 265.4310
28.78 265.4310
28.79 265.4310
28.80 265.4310
28.81 265.4310
28.82 265.4310
28.83 265.4310
28.84 265.4310
28.85 264.4745
28.86 263.5214
28.87 263.5214
28.88 262.5718
28.89 262.5718
28.90 262.5718
28.91 262.5718
28.92 261.6256
28.93 260.6828
28.94 260.6828
28.95 259.7434
28.96 259.7434
28.97 259.7434
28.98 258.8073
28.99 258.8073
29.00 257.8747
29.01 256.9454
29.02 255.0969
29.03 254.1776
29.04 249.6307
29.05 248.7311
29.06 248.7311
29.07 0.0000
29.08 0.0000
29.09 0.0000
29.10 0.0000
29.11 0.0000
29.12 0.0000
29.13 0.0000
29.14 0.0000
29.15 0.0000
29.16 0.0000
29.17 0.0000
29.18 0.0000
29.19 0.0000
29.20 0.0000
29.21 0.0000
29.22 0.0000
29.23 0.0000
29.24 0.0000
29.25 0.0000
29.26 0.0000
29.27 0.0000
29.28 0.0000
29.29 0.0000
29.30 0.0000
29.31 0.0000
29.32 0.0000
29.33 0.0000
29.34 0.0000
29.35 0.0000
29.36 0.0000
29.37 0.0000
29.38 0.0000
29.39 0.0000
29.40 0.0000
29.41 0.0000
29.42 0.0000
29.43 0.0000
29.44 0.0000
29.45 0.0000
29.46 0.0000
29.47 0.0000
29.48 0.0000
29.49 0.0000
29.50 0.0000
29.51 0.0000
29.52 0.0000
29.53 166.0081
29.54 166.6085
29.55 166.6085
29.56 166.6085
29.57 166.6085
29.58 166.6085
29.59 166.6085
29.60 167.8158
29.61 169.0319
29.62 171.4905
29.63 172.1107
29.64 174.6141
29.65 177.7946
29.66 179.7307
29.67 184.3305
29.68 186.3378
29.69 191.1067
29.70 193.1877
29.71 194.5877
29.72 195.2914
29.73 195.2914
29.74 195.2914
29.75 195.2914
29.76 195.9977
29.77 195.9977
29.78 195.9977
29.79 195.9977
29.80 195.9977
29.81 196.7066
29.82 196.7066
29.83 197.4180
29.84 197.4180
29.85 198.1320
29.86 198.1320
29.87 198.1320
29.88 197.4180
29.89 196.7066
29.90 195.9977
29.91 195.9977
29.92 195.9977
29.93 195.2914
29.94 194.5877
29.95 194.5877
29.96 194.5877
29.97 194.5877
29.98 194.5877
29.99 194.5877
30.00 195.2914
30.01 195.2914
30.02 195.2914
30.03 195.2914
30.04 195.2914
30.05 195.2914
30.06 195.2914
30.07 195.9977
30.08 195.9977
30.09 195.9977
30.10 195.9977
30.11 195.9977
30.12 195.9977
30.13 195.9977
30.14 195.9977
30.15 195.9977
30.16 195.9977
30.17 195.9977
30.18 196.7066
30.19 196.7066
30.20 197.4180
30.21 197.4180
30.22 198.1320
30.23 198.8486
30.24 198.8486
30.25 199.5677
30.26 199.5677
30.27 199.5677
30.28 200.2895
30.29 200.2895
30.30 200.2895
30.31 201.0139
30.32 202.4705
30.33 202.4705
30.34 202.4705
30.35 201.7409
30.36 201.0139
30.37 201.0139
30.38 194.5877
30.39 192.4916
30.40 189.0481
30.41 189.0481
30.42 189.0481
30.43 191.7979
30.44 195.2914
30.45 195.9977
30.46 195.9977
30.47 195.9977
30.48 195.9977
30.49 195.2914
30.50 195.2914
30.51 195.2914
30.52 195.9977
30.53 196.7066
30.54 200.2895
30.55 201.0139
30.56 206.9040
30.57 209.1571
30.58 217.6302
30.59 219.2072
30.60 221.5942
30.61 225.6305
30.62 226.4465
30.63 230.5711
30.64 231.4050
30.65 231.4050
30.66 231.4050
30.67 231.4050
30.68 231.4050
30.69 230.5711
30.70 0.0000
30.71 0.0000
30.72 0.0000
30.73 0.0000
30.74 0.0000
30.75 0.0000
30.76 0.0000
30.77 0.0000
30.78 0.0000
30.79 0.0000
30.80 0.0000
30.81 0.0000
30.82 0.0000
30.83 0.0000
30.84 0.0000
30.85 0.0000
30.86 205.4155
30.87 205.4155
30.88 205.4155
30.89 202.4705
30.90 201.7409
30.91 201.7409
30.92 201.0139
30.93 198.8486
30.94 195.9977
30.95 194.5877
30.96 191.7979
30.97 184.9972
30.98 182.3449
30.99 177.1539
31.00 175.2456
31.01 175.2456
31.02 175.2456
31.03 175.2456
31.04 175.2456
31.05 175.2456
31.06 175.2456
31.07 175.8794
31.08 175.8794
31.09 176.5155
31.10 176.5155
31.11 176.5155
31.12 176.5155
31.13 175.8794
31.14 0.0000
31.15 0.0000
31.16 0.0000
31.17 0.0000
31.18 0.0000
31.19 0.0000
31.20 0.0000
31.21 0.0000
31.22 0.0000
31.23 0.0000
31.24 0.0000
31.25 0.0000
31.26 0.0000
31.27 0.0000
31.28 179.7307
31.29 179.7307
31.30 179.7307
31.31 178.4377
31.32 178.4377
31.33 177.1539
31.34 177.1539
31.35 176.5155
31.36 176.5155
31.37 176.5155
31.38 176.5155
31.39 176.5155
31.40 176.5155
31.41 176.5155
31.42 176.5155
31.43 177.1539
31.44 177.1539
31.45 177.1539
31.46 177.1539
31.47 177.1539
31.48 177.1539
31.49 177.1539
31.50 177.1539
31.51 177.7946
31.52 177.7946
31.53 177.7946
31.54 177.7946
31.55 177.7946
31.56 177.7946
31.57 177.7946
31.58 178.4377
31.59 179.0830
31.60 179.0830
31.61 179.0830
31.62 179.7307
31.63 179.7307
31.64 179.7307
31.65 179.7307
31.66 179.7307
31.67 179.0830
31.68 179.0830
31.69 179.0830
31.70 179.0830
31.71 178.4377
31.72 178.4377
31.73 177.7946
31.74 177.7946
31.75 177.7946
31.76 177.7946
31.77 177.7946
31.78 177.7946
31.79 177.1539
31.80 177.1539
31.81 177.1539
31.82 177.1539
31.83 177.1539
31.84 177.1539
31.85 177.1539
31.86 177.7946
31.87 177.7946
31.88 177.7946
31.89 177.7946
31.90 177.7946
31.91 177.7946
31.92 177.1539
31.93 0.0000
31.94 0.0000
31.95 0.0000
31.96 0.0000
31.97 0.0000
31.98 0.0000
31.99 0.0000
32.00 0.0000
32.01 0.0000
32.02 0.0000
32.03 0.0000
32.04 0.0000
32.05 0.0000
32.06 0.0000
32.07 0.0000
32.08 0.0000
32.09 0.0000
32.10 0.0000
32.11 0.0000
32.12 0.0000
32.13 0.0000
32.14 0.0000
32.15 0.0000
32.16 0.0000
32.17 0.0000
32.18 0.0000
32.19 0.0000
32.20 0.0000
32.21 0.0000
32.22 0.0000
32.23 0.0000
