0.00 0.0000
0.01 0.0000
0.02 0.0000
0.03 0.0000
0.04 0.0000
0.05 157.8262
0.06 157.8262
0.07 157.8262
0.08 167.8158
0.09 170.8725
0.10 170.8725
0.11 173.3579
0.12 174.6141
0.13 174.6141
0.14 175.2456
0.15 175.2456
0.16 175.2456
0.17 175.8794
0.18 176.5155
0.19 176.5155
0.20 177.7946
0.21 178.4377
0.22 178.4377
0.23 178.4377
0.24 178.4377
0.25 178.4377
0.26 178.4377
0.27 178.4377
0.28 178.4377
0.29 178.4377
0.30 178.4377
0.31 177.7946
0.32 177.7946
0.33 177.7946
0.34 177.7946
0.35 177.7946
0.36 177.1539
0.37 177.1539
0.38 176.5155
0.39 176.5155
0.40 176.5155
0.41 175.8794
0.42 175.8794
0.43 175.8794
0.44 176.5155
0.45 176.5155
0.46 176.5155
0.47 176.5155
0.48 176.5155
0.49 176.5155
0.50 176.5155
0.51 177.1539
0.52 177.1539
0.53 177.1539
0.54 177.1539
0.55 177.1539
0.56 177.1539
0.57 177.1539
0.58 177.1539
0.59 177.1539
0.60 177.1539
0.61 177.1539
0.62 177.1539
0.63 177.7946
0.64 177.7946
0.65 177.7946
0.66 177.7946
0.67 178.4377
0.68 178.4377
0.69 178.4377
0.70 178.4377
0.71 179.0830
0.72 179.0830
0.73 179.0830
0.74 179.0830
0.75 179.7307
0.76 179.7307
0.77 180.3807
0.78 180.3807
0.79 180.3807
0.80 179.7307
0.81 179.7307
0.82 179.7307
0.83 178.4377
0.84 177.7946
0.85 175.2456
0.86 172.1107
0.87 171.4905
0.88 170.8725
0.89 0.0000
0.90 0.0000
0.91 0.0000
0.92 0.0000
0.93 0.0000
0.94 0.0000
0.95 0.0000
0.96 0.0000
0.97 187.0117
0.98 195.2914
0.99 195.9977
1.00 203.2028
1.01 203.2028
1.02 203.2028
1.03 201.7409
1.04 201.0139
1.05 199.5677
1.06 198.1320
1.07 198.1320
1.08 198.1320
1.09 198.1320
1.10 198.1320
1.11 198.1320
1.12 198.8486
1.13 198.8486
1.14 198.8486
1.15 199.5677
1.16 199.5677
1.17 199.5677
1.18 199.5677
1.19 199.5677
1.20 199.5677
1.21 199.5677
1.22 199.5677
1.23 199.5677
1.24 198.8486
1.25 198.8486
1.26 198.8486
1.27 198.8486
1.28 198.8486
1.29 198.8486
1.30 198.8486
1.31 198.1320
1.32 197.4180
1.33 196.7066
1.34 193.8864
1.35 193.1877
1.36 184.3305
1.37 0.0000
1.38 0.0000
1.39 0.0000
1.40 0.0000
1.41 0.0000
1.42 0.0000
1.43 0.0000
1.44 0.0000
1.45 193.8864
1.46 194.5877
1.47 196.7066
1.48 200.2895
1.49 201.0139
1.50 201.0139
1.51 201.0139
1.52 201.7409
1.53 202.4705
1.54 203.9377
1.55 207.6523
1.56 208.4034
1.57 210.6727
1.58 212.1993
1.59 216.0645
1.60 219.2072
1.61 219.2072
1.62 219.2072
1.63 219.2072
1.64 218.4173
1.65 217.6302
1.66 217.6302
1.67 217.6302
1.68 217.6302
1.69 217.6302
1.70 217.6302
1.71 217.6302
1.72 217.6302
1.73 217.6302
1.74 217.6302
1.75 217.6302
1.76 217.6302
1.77 217.6302
1.78 217.6302
1.79 217.6302
1.80 217.6302
1.81 217.6302
1.82 217.6302
1.83 217.6302
1.84 216.8459
1.85 212.1993
1.86 0.0000
1.87 0.0000
1.88 0.0000
1.89 198.1320
1.90 198.1320
1.91 198.1320
1.92 197.4180
1.93 196.7066
1.94 195.9977
1.95 195.9977
1.96 195.9977
1.97 195.9977
1.98 195.9977
1.99 195.9977
2.00 195.9977
2.01 195.9977
2.02 195.9977
2.03 195.9977
2.04 195.9977
2.05 195.9977
2.06 195.9977
2.07 195.9977
2.08 195.9977
2.09 195.9977
2.10 195.9977
2.11 195.9977
2.12 195.9977
2.13 195.2914
2.14 195.2914
2.15 195.2914
2.16 195.2914
2.17 194.5877
2.18 194.5877
2.19 194.5877
2.20 194.5877
2.21 195.2914
2.22 195.2914
2.23 195.2914
2.24 195.9977
2.25 195.9977
2.26 195.9977
2.27 195.9977
2.28 195.9977
2.29 195.9977
2.30 195.9977
2.31 195.9977
2.32 195.9977
2.33 195.9977
2.34 195.9977
2.35 195.9977
2.36 195.9977
2.37 195.9977
2.38 195.9977
2.39 195.9977
2.40 195.9977
2.41 195.9977
2.42 195.9977
2.43 195.9977
2.44 195.9977
2.45 195.9977
2.46 195.9977
2.47 195.9977
2.48 196.7066
2.49 197.4180
2.50 197.4180
2.51 197.4180
2.52 197.4180
2.53 197.4180
2.54 197.4180
2.55 197.4180
2.56 197.4180
2.57 197.4180
2.58 197.4180
2.59 198.1320
2.60 198.8486
2.61 198.8486
2.62 198.8486
2.63 198.8486
2.64 198.1320
2.65 197.4180
2.66 0.0000
2.67 0.0000
2.68 0.0000
2.69 0.0000
2.70 0.0000
2.71 0.0000
2.72 0.0000
2.73 0.0000
2.74 0.0000
2.75 0.0000
2.76 0.0000
2.77 0.0000
2.78 0.0000
2.79 0.0000
2.80 0.0000
2.81 0.0000
2.82 0.0000
2.83 0.0000
2.84 177.7946
2.85 177.7946
2.86 177.7946
2.87 177.7946
2.88 177.7946
2.89 177.1539
2.90 177.1539
2.91 175.8794
2.92 175.8794
2.93 175.2456
2.94 175.2456
2.95 175.2456
2.96 175.2456
2.97 175.2456
2.98 175.2456
2.99 175.8794
3.00 175.8794
3.01 175.8794
3.02 175.8794
3.03 175.8794
3.04 175.8794
3.05 175.8794
3.06 175.8794
3.07 175.8794
3.08 175.8794
3.09 176.5155
3.10 177.1539
3.11 177.1539
3.12 177.1539
3.13 177.1539
3.14 177.1539
3.15 177.1539
3.16 0.0000
3.17 0.0000
3.18 0.0000
3.19 0.0000
3.20 0.0000
3.21 0.0000
3.22 0.0000
3.23 0.0000
3.24 0.0000
3.25 0.0000
3.26 0.0000
3.27 0.0000
3.28 0.0000
3.29 0.0000
3.30 0.0000
3.31 0.0000
3.32 0.0000
3.33 0.0000
3.34 0.0000
3.35 0.0000
3.36 0.0000
3.37 0.0000
3.38 0.0000
3.39 0.0000
3.40 0.0000
3.41 0.0000
3.42 0.0000
3.43 0.0000
3.44 0.0000
3.45 0.0000
3.46 0.0000
3.47 0.0000
3.48 0.0000
3.49 0.0000
3.50 0.0000
3.51 0.0000
3.52 0.0000
3.53 0.0000
3.54 0.0000
3.55 0.0000
3.56 0.0000
3.57 0.0000
3.58 0.0000
3.59 0.0000
3.60 0.0000
3.61 0.0000
3.62 0.0000
3.63 0.0000
3.64 0.0000
3.65 0.0000
3.66 0.0000
3.67 0.0000
3.68 0.0000
3.69 0.0000
3.70 0.0000
3.71 0.0000
3.72 178.4377
3.73 179.0830
3.74 182.3449
3.75 183.0044
3.76 184.9972
3.77 189.7318
3.78 191.1067
3.79 192.4916
3.80 193.1877
3.81 194.5877
3.82 196.7066
3.83 198.1320
3.84 200.2895
3.85 202.4705
3.86 203.9377
3.87 204.6753
3.88 204.6753
3.89 204.6753
3.90 204.6753
3.91 204.6753
3.92 204.6753
3.93 204.6753
3.94 205.4155
3.95 205.4155
3.96 205.4155
3.97 205.4155
3.98 205.4155
3.99 205.4155
4.00 205.4155
4.01 205.4155
4.02 205.4155
4.03 205.4155
4.04 205.4155
4.05 205.4155
4.06 205.4155
4.07 205.4155
4.08 205.4155
4.09 205.4155
4.10 205.4155
4.11 205.4155
4.12 205.4155
4.13 205.4155
4.14 206.1584
4.15 206.1584
4.16 206.1584
4.17 206.1584
4.18 206.9040
4.19 206.9040
4.20 206.9040
4.21 206.9040
4.22 206.9040
4.23 206.9040
4.24 206.9040
4.25 206.9040
4.26 206.1584
4.27 206.1584
4.28 206.1584
4.29 206.1584
4.30 206.1584
4.31 206.1584
4.32 206.1584
4.33 206.1584
4.34 206.1584
4.35 206.1584
4.36 205.4155
4.37 205.4155
4.38 205.4155
4.39 206.1584
4.40 206.1584
4.41 206.1584
4.42 206.1584
4.43 206.9040
4.44 206.9040
4.45 206.9040
4.46 207.6523
4.47 207.6523
4.48 207.6523
4.49 207.6523
4.50 207.6523
4.51 207.6523
4.52 207.6523
4.53 207.6523
4.54 207.6523
4.55 206.9040
4.56 206.9040
4.57 206.1584
4.58 206.1584
4.59 206.1584
4.60 201.0139
4.61 200.2895
4.62 194.5877
4.63 187.0117
4.64 186.3378
4.65 186.3378
4.66 187.0117
4.67 187.0117
4.68 187.6881
4.69 188.3669
4.70 190.4180
4.71 192.4916
4.72 193.8864
4.73 196.7066
4.74 198.8486
4.75 201.7409
4.76 204.6753
4.77 204.6753
4.78 205.4155
4.79 205.4155
4.80 205.4155
4.81 205.4155
4.82 205.4155
4.83 205.4155
4.84 205.4155
4.85 205.4155
4.86 205.4155
4.87 205.4155
4.88 205.4155
4.89 205.4155
4.90 205.4155
4.91 205.4155
4.92 205.4155
4.93 205.4155
4.94 205.4155
4.95 205.4155
4.96 205.4155
4.97 205.4155
4.98 205.4155
4.99 205.4155
5.00 205.4155
5.01 205.4155
5.02 205.4155
5.03 205.4155
5.04 205.4155
5.05 205.4155
5.06 205.4155
5.07 205.4155
5.08 205.4155
5.09 205.4155
5.10 205.4155
5.11 205.4155
5.12 205.4155
5.13 205.4155
5.14 205.4155
5.15 205.4155
5.16 205.4155
5.17 205.4155
5.18 205.4155
5.19 206.1584
5.20 206.1584
5.21 206.1584
5.22 206.1584
5.23 206.1584
5.24 206.1584
5.25 206.1584
5.26 205.4155
5.27 201.0139
5.28 201.0139
5.29 200.2895
5.30 199.5677
5.31 198.8486
5.32 198.1320
5.33 198.1320
5.34 198.1320
5.35 198.1320
5.36 198.1320
5.37 198.1320
5.38 198.1320
5.39 198.1320
5.40 198.1320
5.41 198.1320
5.42 198.8486
5.43 198.8486
5.44 198.8486
5.45 198.8486
5.46 198.1320
5.47 198.1320
5.48 198.1320
5.49 198.1320
5.50 0.0000
5.51 0.0000
5.52 0.0000
5.53 0.0000
5.54 197.4180
5.55 197.4180
5.56 197.4180
5.57 197.4180
5.58 195.9977
5.59 195.9977
5.60 195.9977
5.61 195.9977
5.62 195.9977
5.63 195.9977
5.64 195.9977
5.65 195.9977
5.66 195.9977
5.67 195.9977
5.68 195.9977
5.69 195.9977
5.70 195.9977
5.71 195.9977
5.72 195.9977
5.73 195.9977
5.74 195.9977
5.75 195.9977
5.76 195.9977
5.77 195.9977
5.78 196.7066
5.79 196.7066
5.80 196.7066
5.81 197.4180
5.82 197.4180
5.83 197.4180
5.84 197.4180
5.85 197.4180
5.86 197.4180
5.87 198.1320
5.88 198.1320
5.89 198.1320
5.90 200.2895
5.91 200.2895
5.92 200.2895
5.93 201.0139
5.94 201.7409
5.95 206.1584
5.96 206.1584
5.97 207.6523
5.98 207.6523
5.99 208.4034
6.00 212.1993
6.01 212.1993
6.02 212.1993
6.03 212.1993
6.04 212.1993
6.05 210.6727
6.06 208.4034
6.07 206.9040
6.08 206.9040
6.09 206.9040
6.10 206.9040
6.11 206.9040
6.12 206.9040
6.13 206.9040
6.14 206.9040
6.15 206.9040
6.16 206.9040
6.17 206.9040
6.18 206.9040
6.19 206.9040
6.20 207.6523
6.21 207.6523
6.22 207.6523
6.23 208.4034
6.24 208.4034
6.25 208.4034
6.26 208.4034
6.27 211.4347
6.28 211.4347
6.29 211.4347
6.30 211.4347
6.31 210.6727
6.32 209.9135
6.33 209.1571
6.34 208.4034
6.35 206.9040
6.36 206.1584
6.37 206.1584
6.38 201.0139
6.39 194.5877
6.40 193.8864
6.41 182.3449
6.42 182.3449
6.43 176.5155
6.44 174.6141
6.45 174.6141
6.46 174.6141
6.47 174.6141
6.48 175.2456
6.49 177.1539
6.50 179.0830
6.51 184.3305
6.52 184.3305
6.53 186.3378
6.54 190.4180
6.55 192.4916
6.56 193.8864
6.57 196.7066
6.58 197.4180
6.59 198.1320
6.60 198.1320
6.61 198.1320
6.62 198.1320
6.63 198.1320
6.64 198.1320
6.65 198.1320
6.66 198.1320
6.67 198.1320
6.68 198.1320
6.69 198.1320
6.70 198.1320
6.71 198.1320
6.72 198.1320
6.73 198.1320
6.74 198.1320
6.75 198.1320
6.76 198.1320
6.77 198.1320
6.78 196.7066
6.79 195.9977
6.80 194.5877
6.81 193.8864
6.82 184.3305
6.83 183.0044
6.84 183.0044
6.85 182.3449
6.86 182.3449
6.87 179.7307
6.88 179.7307
6.89 179.7307
6.90 179.7307
6.91 177.7946
6.92 177.7946
6.93 177.1539
6.94 177.1539
6.95 177.7946
6.96 177.7946
6.97 177.7946
6.98 177.7946
6.99 177.7946
7.00 177.7946
7.01 177.1539
7.02 177.1539
7.03 177.1539
7.04 177.1539
7.05 177.7946
7.06 177.7946
7.07 177.7946
7.08 177.7946
7.09 177.7946
7.10 177.7946
7.11 178.4377
7.12 178.4377
7.13 178.4377
7.14 178.4377
7.15 178.4377
7.16 178.4377
7.17 177.7946
7.18 177.7946
7.19 177.7946
7.20 177.1539
7.21 177.1539
7.22 177.1539
7.23 176.5155
7.24 176.5155
7.25 176.5155
7.26 177.1539
7.27 177.7946
7.28 177.7946
7.29 177.7946
7.30 178.4377
7.31 178.4377
7.32 178.4377
7.33 178.4377
7.34 178.4377
7.35 178.4377
7.36 178.4377
7.37 178.4377
7.38 178.4377
7.39 178.4377
7.40 177.7946
7.41 177.7946
7.42 177.7946
7.43 177.7946
7.44 177.7946
7.45 177.7946
7.46 177.7946
7.47 177.7946
7.48 177.7946
7.49 177.7946
7.50 177.7946
7.51 177.7946
7.52 177.7946
7.53 177.7946
7.54 177.7946
7.55 177.7946
7.56 177.7946
7.57 177.7946
7.58 177.7946
7.59 178.4377
7.60 178.4377
7.61 178.4377
7.62 178.4377
7.63 178.4377
7.64 178.4377
7.65 178.4377
7.66 177.7946
7.67 177.7946
7.68 177.7946
7.69 177.7946
7.70 177.1539
7.71 177.1539
7.72 176.5155
7.73 176.5155
7.74 176.5155
7.75 175.8794
7.76 175.8794
7.77 175.8794
7.78 176.5155
7.79 177.1539
7.80 177.1539
7.81 177.7946
7.82 177.7946
7.83 177.7946
7.84 178.4377
7.85 178.4377
7.86 178.4377
7.87 178.4377
7.88 178.4377
7.89 178.4377
7.90 178.4377
7.91 177.7946
7.92 177.7946
7.93 177.7946
7.94 177.7946
7.95 177.7946
7.96 177.7946
7.97 177.7946
7.98 177.7946
7.99 177.7946
8.00 177.1539
8.01 177.1539
8.02 177.1539
8.03 177.1539
8.04 177.1539
8.05 177.1539
8.06 177.1539
8.07 177.1539
8.08 177.1539
8.09 177.7946
8.10 177.7946
8.11 177.7946
8.12 177.7946
8.13 177.7946
8.14 177.7946
8.15 177.7946
8.16 177.7946
8.17 177.7946
8.18 177.1539
8.19 177.1539
8.20 176.5155
8.21 176.5155
8.22 176.5155
8.23 176.5155
8.24 176.5155
8.25 176.5155
8.26 175.8794
8.27 175.8794
8.28 175.8794
8.29 177.7946
8.30 177.7946
8.31 178.4377
8.32 178.4377
8.33 178.4377
8.34 178.4377
8.35 178.4377
8.36 178.4377
8.37 177.7946
8.38 177.7946
8.39 177.1539
8.40 177.1539
8.41 177.1539
8.42 177.1539
8.43 177.1539
8.44 177.1539
8.45 177.1539
8.46 177.1539
8.47 176.5155
8.48 0.0000
8.49 0.0000
8.50 0.0000
8.51 0.0000
8.52 0.0000
8.53 0.0000
8.54 0.0000
8.55 0.0000
8.56 0.0000
8.57 0.0000
8.58 0.0000
8.59 0.0000
8.60 0.0000
8.61 0.0000
8.62 0.0000
8.63 0.0000
8.64 0.0000
8.65 0.0000
8.66 0.0000
8.67 0.0000
8.68 0.0000
8.69 0.0000
8.70 0.0000
8.71 0.0000
8.72 0.0000
8.73 0.0000
8.74 0.0000
8.75 0.0000
8.76 0.0000
8.77 0.0000
8.78 0.0000
8.79 0.0000
8.80 0.0000
8.81 0.0000
8.82 0.0000
8.83 0.0000
8.84 0.0000
8.85 0.0000
8.86 0.0000
8.87 0.0000
8.88 0.0000
8.89 0.0000
8.90 0.0000
8.91 0.0000
8.92 0.0000
8.93 0.0000
8.94 0.0000
8.95 0.0000
8.96 0.0000
8.97 0.0000
8.98 0.0000
8.99 0.0000
9.00 0.0000
9.01 0.0000
9.02 0.0000
9.03 0.0000
9.04 0.0000
9.05 0.0000
9.06 0.0000
9.07 0.0000
9.08 0.0000
9.09 0.0000
9.10 0.0000
9.11 0.0000
9.12 0.0000
9.13 0.0000
9.14 0.0000
9.15 0.0000
9.16 0.0000
9.17 0.0000
9.18 0.0000
9.19 0.0000
9.20 0.0000
9.21 0.0000
9.22 0.0000
9.23 0.0000
9.24 0.0000
9.25 0.0000
9.26 0.0000
9.27 0.0000
9.28 0.0000
9.29 0.0000
9.30 0.0000
9.31 0.0000
9.32 0.0000
9.33 0.0000
9.34 0.0000
9.35 0.0000
9.36 0.0000
9.37 0.0000
9.38 0.0000
9.39 0.0000
9.40 0.0000
9.41 0.0000
9.42 0.0000
9.43 0.0000
9.44 0.0000
9.45 0.0000
9.46 0.0000
9.47 0.0000
9.48 0.0000
9.49 0.0000
9.50 0.0000
9.51 0.0000
9.52 0.0000
9.53 0.0000
9.54 0.0000
9.55 0.0000
9.56 0.0000
9.57 0.0000
9.58 0.0000
9.59 0.0000
9.60 0.0000
9.61 0.0000
9.62 0.0000
9.63 0.0000
9.64 0.0000
9.65 0.0000
9.66 0.0000
9.67 0.0000
9.68 0.0000
9.69 0.0000
9.70 0.0000
9.71 0.0000
9.72 0.0000
9.73 0.0000
9.74 0.0000
9.75 0.0000
9.76 0.0000
9.77 0.0000
9.78 0.0000
9.79 0.0000
9.80 0.0000
9.81 0.0000
9.82 0.0000
9.83 0.0000
9.84 0.0000
9.85 0.0000
9.86 0.0000
9.87 0.0000
9.88 0.0000
9.89 0.0000
9.90 0.0000
9.91 0.0000
9.92 0.0000
9.93 0.0000
9.94 0.0000
9.95 0.0000
9.96 0.0000
9.97 0.0000
9.98 0.0000
9.99 0.0000
10.00 0.0000
10.01 0.0000
10.02 0.0000
10.03 0.0000
10.04 0.0000
10.05 0.0000
10.06 0.0000
10.07 0.0000
10.08 0.0000
10.09 0.0000
10.10 0.0000
10.11 0.0000
10.12 0.0000
10.13 0.0000
10.14 0.0000
10.15 0.0000
10.16 0.0000
10.17 0.0000
10.18 0.0000
10.19 0.0000
10.20 0.0000
10.21 0.0000
10.22 0.0000
10.23 0.0000
10.24 0.0000
10.25 0.0000
10.26 0.0000
10.27 0.0000
10.28 0.0000
10.29 0.0000
10.30 0.0000
10.31 0.0000
10.32 0.0000
10.33 0.0000
10.34 0.0000
10.35 0.0000
10.36 0.0000
10.37 0.0000
10.38 0.0000
10.39 0.0000
10.40 0.0000
10.41 0.0000
10.42 0.0000
10.43 0.0000
10.44 0.0000
10.45 0.0000
10.46 0.0000
10.47 0.0000
10.48 0.0000
10.49 0.0000
10.50 0.0000
10.51 0.0000
10.52 0.0000
10.53 0.0000
10.54 0.0000
10.55 0.0000
10.56 0.0000
10.57 0.0000
10.58 0.0000
10.59 0.0000
10.60 0.0000
10.61 0.0000
10.62 0.0000
10.63 0.0000
10.64 0.0000
10.65 0.0000
10.66 0.0000
10.67 0.0000
10.68 0.0000
10.69 0.0000
10.70 0.0000
10.71 0.0000
10.72 0.0000
10.73 0.0000
10.74 0.0000
10.75 0.0000
10.76 0.0000
10.77 0.0000
10.78 0.0000
10.79 0.0000
10.80 0.0000
10.81 0.0000
10.82 0.0000
10.83 0.0000
10.84 0.0000
10.85 0.0000
10.86 0.0000
10.87 0.0000
10.88 0.0000
10.89 0.0000
10.90 0.0000
10.91 0.0000
10.92 0.0000
10.93 0.0000
10.94 0.0000
10.95 0.0000
10.96 0.0000
10.97 0.0000
10.98 0.0000
10.99 0.0000
11.00 0.0000
11.01 0.0000
11.02 157.2575
11.03 157.8262
11.04 157.8262
11.05 159.5448
11.06 160.1219
11.07 161.8655
11.08 162.4509
11.09 163.6281
11.10 165.4099
11.11 166.0081
11.12 166.6085
11.13 169.6432
11.14 170.2567
11.15 170.2567
11.16 172.7332
11.17 173.3579
11.18 173.3579
11.19 173.3579
11.20 173.3579
11.21 173.3579
11.22 172.7332
11.23 172.7332
11.24 172.1107
11.25 171.4905
11.26 171.4905
11.27 171.4905
11.28 171.4905
11.29 171.4905
11.30 171.4905
11.31 171.4905
11.32 172.1107
11.33 172.1107
11.34 172.7332
11.35 172.7332
11.36 173.3579
11.37 174.6141
11.38 175.2456
11.39 175.8794
11.40 175.8794
11.41 176.5155
11.42 176.5155
11.43 176.5155
11.44 175.8794
11.45 175.8794
11.46 175.2456
11.47 174.6141
11.48 174.6141
11.49 174.6141
11.50 172.7332
11.51 172.1107
11.52 172.1107
11.53 172.1107
11.54 172.1107
11.55 172.7332
11.56 172.7332
11.57 173.3579
11.58 173.9849
11.59 174.6141
11.60 174.6141
11.61 174.6141
11.62 175.2456
11.63 175.2456
11.64 175.8794
11.65 175.8794
11.66 175.8794
11.67 175.2456
11.68 175.2456
11.69 175.2456
11.70 174.6141
11.71 174.6141
11.72 174.6141
11.73 174.6141
11.74 175.2456
11.75 175.2456
11.76 175.2456
11.77 175.2456
11.78 175.2456
11.79 175.2456
11.80 175.2456
11.81 175.2456
11.82 175.2456
11.83 175.2456
11.84 175.8794
11.85 177.1539
11.86 181.6878
11.87 183.0044
11.88 184.9972
11.89 186.3378
11.90 193.8864
11.91 195.9977
11.92 195.9977
11.93 195.9977
11.94 195.2914
11.95 195.2914
11.96 194.5877
11.97 193.1877
11.98 191.7979
11.99 191.1067
12.00 191.1067
12.01 191.1067
12.02 191.7979
12.03 191.7979
12.04 192.4916
12.05 192.4916
12.06 193.1877
12.07 193.8864
12.08 193.8864
12.09 193.8864
12.10 193.8864
12.11 193.8864
12.12 193.8864
12.13 193.8864
12.14 194.5877
12.15 195.2914
12.16 196.7066
12.17 198.1320
12.18 198.8486
12.19 199.5677
12.20 199.5677
12.21 199.5677
12.22 200.2895
12.23 200.2895
12.24 200.2895
12.25 199.5677
12.26 198.1320
12.27 194.5877
12.28 193.1877
12.29 184.3305
12.30 184.3305
12.31 184.3305
12.32 184.3305
12.33 184.3305
12.34 196.7066
12.35 200.2895
12.36 200.2895
12.37 200.2895
12.38 200.2895
12.39 200.2895
12.40 201.7409
12.41 202.4705
12.42 203.9377
12.43 205.4155
12.44 206.1584
12.45 206.9040
12.46 208.4034
12.47 209.1571
12.48 209.1571
12.49 211.4347
12.50 212.1993
12.51 214.5100
12.52 216.8459
12.53 216.8459
12.54 216.8459
12.55 0.0000
12.56 0.0000
12.57 0.0000
12.58 0.0000
12.59 0.0000
12.60 0.0000
12.61 0.0000
12.62 0.0000
12.63 0.0000
12.64 0.0000
12.65 0.0000
12.66 0.0000
12.67 0.0000
12.68 0.0000
12.69 0.0000
12.70 0.0000
12.71 0.0000
12.72 0.0000
12.73 0.0000
12.74 0.0000
12.75 0.0000
12.76 0.0000
12.77 0.0000
12.78 0.0000
12.79 0.0000
12.80 0.0000
12.81 0.0000
12.82 201.0139
12.83 201.0139
12.84 201.0139
12.85 198.8486
12.86 197.4180
12.87 195.9977
12.88 195.9977
12.89 195.2914
12.90 195.2914
12.91 195.2914
12.92 195.2914
12.93 195.2914
12.94 195.2914
12.95 195.2914
12.96 195.2914
12.97 195.2914
12.98 195.2914
12.99 195.2914
13.00 195.9977
13.01 195.9977
13.02 195.9977
13.03 195.9977
13.04 195.9977
13.05 195.9977
13.06 195.9977
13.07 195.9977
13.08 195.9977
13.09 195.9977
13.10 195.9977
13.11 195.9977
13.12 195.9977
13.13 195.9977
13.14 195.9977
13.15 195.9977
13.16 195.9977
13.17 195.9977
13.18 195.9977
13.19 195.9977
13.20 195.9977
13.21 195.9977
13.22 195.9977
13.23 195.9977
13.24 195.9977
13.25 195.9977
13.26 195.2914
13.27 195.2914
13.28 195.2914
13.29 195.2914
13.30 195.2914
13.31 195.2914
13.32 195.2914
13.33 195.2914
13.34 195.2914
13.35 195.9977
13.36 196.7066
13.37 198.8486
13.38 198.8486
13.39 198.8486
13.40 198.8486
13.41 198.8486
13.42 197.4180
13.43 195.9977
13.44 193.1877
13.45 191.7979
13.46 184.3305
13.47 171.4905
13.48 171.4905
13.49 160.1219
13.50 160.1219
13.51 160.1219
13.52 160.1219
13.53 160.1219
13.54 166.0081
13.55 166.6085
13.56 168.4227
13.57 169.6432
13.58 170.8725
13.59 171.4905
13.60 172.7332
13.61 173.9849
13.62 173.9849
13.63 173.9849
13.64 0.0000
13.65 0.0000
13.66 0.0000
13.67 0.0000
13.68 0.0000
13.69 0.0000
13.70 0.0000
13.71 0.0000
13.72 0.0000
13.73 177.7946
13.74 177.7946
13.75 177.7946
13.76 177.7946
13.77 177.7946
13.78 177.1539
13.79 176.5155
13.80 175.2456
13.81 174.6141
13.82 173.9849
13.83 173.9849
13.84 173.9849
13.85 174.6141
13.86 174.6141
13.87 175.2456
13.88 175.8794
13.89 176.5155
13.90 176.5155
13.91 176.5155
13.92 175.8794
13.93 175.8794
13.94 175.2456
13.95 0.0000
13.96 0.0000
13.97 0.0000
13.98 0.0000
13.99 0.0000
14.00 0.0000
14.01 0.0000
14.02 0.0000
14.03 0.0000
14.04 0.0000
14.05 0.0000
14.06 0.0000
14.07 0.0000
14.08 0.0000
14.09 0.0000
14.10 0.0000
14.11 0.0000
14.12 0.0000
14.13 0.0000
14.14 0.0000
14.15 0.0000
14.16 0.0000
14.17 0.0000
14.18 0.0000
14.19 0.0000
14.20 0.0000
14.21 0.0000
14.22 0.0000
14.23 0.0000
14.24 0.0000
14.25 0.0000
14.26 0.0000
14.27 0.0000
14.28 0.0000
14.29 0.0000
14.30 0.0000
14.31 0.0000
14.32 0.0000
14.33 0.0000
14.34 0.0000
14.35 0.0000
14.36 0.0000
14.37 0.0000
14.38 0.0000
14.39 0.0000
14.40 0.0000
14.41 0.0000
14.42 0.0000
14.43 0.0000
14.44 0.0000
14.45 0.0000
14.46 0.0000
14.47 0.0000
14.48 0.0000
14.49 0.0000
14.50 0.0000
14.51 0.0000
14.52 0.0000
14.53 0.0000
14.54 0.0000
14.55 0.0000
14.56 0.0000
14.57 0.0000
14.58 0.0000
14.59 0.0000
14.60 0.0000
14.61 0.0000
14.62 0.0000
14.63 0.0000
14.64 181.6878
14.65 181.6878
14.66 181.6878
14.67 182.3449
14.68 183.0044
14.69 186.3378
14.70 189.7318
14.71 192.4916
14.72 193.1877
14.73 194.5877
14.74 195.9977
14.75 197.4180
14.76 198.1320
14.77 199.5677
14.78 200.2895
14.79 201.7409
14.80 203.2028
14.81 203.2028
14.82 203.2028
14.83 203.2028
14.84 203.2028
14.85 203.9377
14.86 203.9377
14.87 203.9377
14.88 206.1584
14.89 206.1584
14.90 206.1584
14.91 206.1584
14.92 206.1584
14.93 206.1584
14.94 206.1584
14.95 206.1584
14.96 206.1584
14.97 206.9040
14.98 206.9040
14.99 206.9040
15.00 206.9040
15.01 206.9040
15.02 206.9040
15.03 206.9040
15.04 206.9040
15.05 206.9040
15.06 206.9040
15.07 206.1584
15.08 206.1584
15.09 206.1584
15.10 206.1584
15.11 206.1584
15.12 206.1584
15.13 206.1584
15.14 206.1584
15.15 206.1584
15.16 206.1584
15.17 206.1584
15.18 206.1584
15.19 206.1584
15.20 206.1584
15.21 206.1584
15.22 206.1584
15.23 206.1584
15.24 206.1584
15.25 206.1584
15.26 206.1584
15.27 206.9040
15.28 206.9040
15.29 206.9040
15.30 206.9040
15.31 206.9040
15.32 206.9040
15.33 206.9040
15.34 206.9040
15.35 206.1584
15.36 205.4155
15.37 0.0000
15.38 0.0000
15.39 0.0000
15.40 0.0000
15.41 0.0000
15.42 0.0000
15.43 0.0000
15.44 0.0000
15.45 0.0000
15.46 0.0000
15.47 0.0000
15.48 0.0000
15.49 0.0000
15.50 0.0000
15.51 182.3449
15.52 182.3449
15.53 184.9972
15.54 185.6663
15.55 187.0117
15.56 187.6881
15.57 188.3669
15.58 188.3669
15.59 189.7318
15.60 191.1067
15.61 192.4916
15.62 195.2914
15.63 198.1320
15.64 200.2895
15.65 203.9377
15.66 204.6753
15.67 206.9040
15.68 208.4034
15.69 209.1571
15.70 209.9135
15.71 209.9135
15.72 209.9135
15.73 209.9135
15.74 209.9135
15.75 209.9135
15.76 209.9135
15.77 209.9135
15.78 209.9135
15.79 209.9135
15.80 209.9135
15.81 209.9135
15.82 209.1571
15.83 209.1571
15.84 209.1571
15.85 209.1571
15.86 208.4034
15.87 208.4034
15.88 208.4034
15.89 208.4034
15.90 208.4034
15.91 208.4034
15.92 207.6523
15.93 207.6523
15.94 207.6523
15.95 207.6523
15.96 207.6523
15.97 207.6523
15.98 207.6523
15.99 207.6523
16.00 207.6523
16.01 207.6523
16.02 207.6523
16.03 207.6523
16.04 207.6523
16.05 207.6523
16.06 207.6523
16.07 207.6523
16.08 208.4034
16.09 208.4034
16.10 208.4034
16.11 208.4034
16.12 208.4034
16.13 208.4034
16.14 208.4034
16.15 208.4034
16.16 208.4034
16.17 207.6523
16.18 207.6523
16.19 206.9040
16.20 206.9040
16.21 205.4155
16.22 204.6753
16.23 201.7409
16.24 201.0139
16.25 199.5677
16.26 198.1320
16.27 198.1320
16.28 198.1320
16.29 198.1320
16.30 198.1320
16.31 198.1320
16.32 198.8486
16.33 198.8486
16.34 198.8486
16.35 199.5677
16.36 199.5677
16.37 199.5677
16.38 199.5677
16.39 199.5677
16.40 199.5677
16.41 199.5677
16.42 199.5677
16.43 199.5677
16.44 199.5677
16.45 199.5677
16.46 197.4180
16.47 197.4180
16.48 197.4180
16.49 197.4180
16.50 198.1320
16.51 198.8486
16.52 199.5677
16.53 199.5677
16.54 199.5677
16.55 199.5677
16.56 198.8486
16.57 198.8486
16.58 198.1320
16.59 198.1320
16.60 198.1320
16.61 198.1320
16.62 198.1320
16.63 197.4180
16.64 196.7066
16.65 196.7066
16.66 195.9977
16.67 195.9977
16.68 195.9977
16.69 195.9977
16.70 195.9977
16.71 195.9977
16.72 196.7066
16.73 196.7066
16.74 198.1320
16.75 198.1320
16.76 198.1320
16.77 197.4180
16.78 195.9977
16.79 194.5877
16.80 193.8864
16.81 0.0000
16.82 0.0000
16.83 0.0000
16.84 0.0000
16.85 0.0000
16.86 0.0000
16.87 0.0000
16.88 0.0000
16.89 0.0000
16.90 201.0139
16.91 206.9040
16.92 206.9040
16.93 206.9040
16.94 206.9040
16.95 206.1584
16.96 206.1584
16.97 206.1584
16.98 206.1584
16.99 206.1584
17.00 206.1584
17.01 206.1584
17.02 206.9040
17.03 206.9040
17.04 206.9040
17.05 209.9135
17.06 210.6727
17.07 211.4347
17.08 211.4347
17.09 211.4347
17.10 208.4034
17.11 0.0000
17.12 0.0000
17.13 0.0000
17.14 0.0000
17.15 0.0000
17.16 0.0000
17.17 0.0000
17.18 0.0000
17.19 0.0000
17.20 0.0000
17.21 0.0000
17.22 0.0000
17.23 0.0000
17.24 0.0000
17.25 0.0000
17.26 0.0000
17.27 0.0000
17.28 0.0000
17.29 0.0000
17.30 0.0000
17.31 0.0000
17.32 171.4905
17.33 171.4905
17.34 174.6141
17.35 177.1539
17.36 178.4377
17.37 179.0830
17.38 179.7307
17.39 179.7307
17.40 180.3807
17.41 181.6878
17.42 182.3449
17.43 184.3305
17.44 186.3378
17.45 191.1067
17.46 193.1877
17.47 195.2914
17.48 198.1320
17.49 200.2895
17.50 200.2895
17.51 200.2895
17.52 199.5677
17.53 198.1320
17.54 195.9977
17.55 195.9977
17.56 195.9977
17.57 195.9977
17.58 195.9977
17.59 196.7066
17.60 196.7066
17.61 198.1320
17.62 198.1320
17.63 198.1320
17.64 197.4180
17.65 193.8864
17.66 0.0000
17.67 0.0000
17.68 0.0000
17.69 0.0000
17.70 0.0000
17.71 0.0000
17.72 0.0000
17.73 0.0000
17.74 0.0000
17.75 0.0000
17.76 0.0000
17.77 0.0000
17.78 0.0000
17.79 0.0000
17.80 179.7307
17.81 181.6878
17.82 181.6878
17.83 181.6878
17.84 181.6878
17.85 180.3807
17.86 179.7307
17.87 178.4377
17.88 177.1539
17.89 176.5155
17.90 175.8794
17.91 175.8794
17.92 175.8794
17.93 175.2456
17.94 175.2456
17.95 175.2456
17.96 175.8794
17.97 175.8794
17.98 175.8794
17.99 175.8794
18.00 175.8794
18.01 175.8794
18.02 175.8794
18.03 175.8794
18.04 175.8794
18.05 175.8794
18.06 175.8794
18.07 175.2456
18.08 175.2456
18.09 175.2456
18.10 175.2456
18.11 175.2456
18.12 175.2456
18.13 175.8794
18.14 175.8794
18.15 175.8794
18.16 175.8794
18.17 175.8794
18.18 175.8794
18.19 175.8794
18.20 175.2456
18.21 175.2456
18.22 175.2456
18.23 175.2456
18.24 175.2456
18.25 175.2456
18.26 175.2456
18.27 175.2456
18.28 175.2456
18.29 174.6141
18.30 174.6141
18.31 174.6141
18.32 174.6141
18.33 174.6141
18.34 174.6141
18.35 174.6141
18.36 174.6141
18.37 174.6141
18.38 174.6141
18.39 174.6141
18.40 174.6141
18.41 174.6141
18.42 174.6141
18.43 174.6141
18.44 174.6141
18.45 174.6141
18.46 174.6141
18.47 174.6141
18.48 174.6141
18.49 175.2456
18.50 175.2456
18.51 175.2456
18.52 175.2456
18.53 175.2456
18.54 175.2456
18.55 175.2456
18.56 175.2456
18.57 175.2456
18.58 175.2456
18.59 0.0000
18.60 0.0000
18.61 0.0000
18.62 0.0000
18.63 0.0000
18.64 0.0000
18.65 0.0000
18.66 0.0000
18.67 0.0000
18.68 0.0000
18.69 0.0000
18.70 0.0000
18.71 0.0000
18.72 0.0000
18.73 0.0000
18.74 0.0000
18.75 0.0000
18.76 0.0000
18.77 0.0000
18.78 0.0000
18.79 0.0000
18.80 0.0000
18.81 0.0000
18.82 0.0000
18.83 0.0000
18.84 0.0000
18.85 0.0000
18.86 0.0000
18.87 0.0000
18.88 0.0000
18.89 0.0000
18.90 0.0000
18.91 0.0000
18.92 0.0000
18.93 0.0000
18.94 0.0000
18.95 0.0000
18.96 0.0000
18.97 0.0000
18.98 0.0000
18.99 0.0000
19.00 0.0000
19.01 0.0000
19.02 0.0000
19.03 0.0000
19.04 0.0000
19.05 0.0000
19.06 0.0000
19.07 0.0000
19.08 0.0000
19.09 0.0000
19.10 0.0000
19.11 0.0000
19.12 0.0000
19.13 0.0000
19.14 0.0000
19.15 0.0000
19.16 0.0000
19.17 0.0000
19.18 0.0000
19.19 0.0000
19.20 0.0000
19.21 0.0000
19.22 0.0000
19.23 0.0000
19.24 0.0000
19.25 0.0000
19.26 174.6141
19.27 174.6141
19.28 174.6141
19.29 174.6141
19.30 0.0000
19.31 0.0000
19.32 0.0000
19.33 0.0000
19.34 0.0000
19.35 0.0000
19.36 0.0000
19.37 0.0000
19.38 0.0000
19.39 0.0000
19.40 0.0000
19.41 0.0000
19.42 0.0000
19.43 0.0000
19.44 0.0000
19.45 0.0000
19.46 0.0000
19.47 0.0000
19.48 0.0000
19.49 0.0000
19.50 0.0000
19.51 0.0000
19.52 0.0000
19.53 0.0000
19.54 0.0000
19.55 0.0000
19.56 0.0000
19.57 0.0000
19.58 0.0000
19.59 0.0000
19.60 0.0000
19.61 0.0000
19.62 0.0000
19.63 0.0000
19.64 0.0000
19.65 0.0000
19.66 0.0000
19.67 0.0000
19.68 0.0000
19.69 0.0000
19.70 0.0000
19.71 0.0000
19.72 0.0000
19.73 0.0000
19.74 0.0000
19.75 0.0000
19.76 0.0000
19.77 0.0000
19.78 0.0000
19.79 0.0000
19.80 0.0000
19.81 0.0000
19.82 0.0000
19.83 0.0000
19.84 0.0000
19.85 0.0000
19.86 0.0000
19.87 0.0000
19.88 0.0000
19.89 0.0000
19.90 0.0000
19.91 0.0000
19.92 0.0000
19.93 0.0000
19.94 0.0000
19.95 0.0000
19.96 0.0000
19.97 0.0000
19.98 0.0000
19.99 0.0000
20.00 0.0000
20.01 0.0000
20.02 0.0000
20.03 0.0000
20.04 0.0000
20.05 0.0000
20.06 0.0000
20.07 0.0000
20.08 0.0000
20.09 0.0000
20.10 0.0000
20.11 0.0000
20.12 0.0000
20.13 0.0000
20.14 0.0000
