0.00 0.0000
0.01 0.0000
0.02 0.0000
0.03 0.0000
0.04 0.0000
0.05 0.0000
0.06 0.0000
0.07 0.0000
0.08 0.0000
0.09 0.0000
0.10 0.0000
0.11 0.0000
0.12 0.0000
0.13 0.0000
0.14 0.0000
0.15 0.0000
0.16 0.0000
0.17 0.0000
0.18 0.0000
0.19 0.0000
0.20 0.0000
0.21 0.0000
0.22 0.0000
0.23 0.0000
0.24 0.0000
0.25 0.0000
0.26 0.0000
0.27 0.0000
0.28 214.5100
0.29 215.2859
0.30 215.2859
0.31 215.2859
0.32 214.5100
0.33 0.0000
0.34 0.0000
0.35 0.0000
0.36 0.0000
0.37 0.0000
0.38 0.0000
0.39 0.0000
0.40 0.0000
0.41 0.0000
0.42 0.0000
0.43 0.0000
0.44 231.4050
0.45 231.4050
0.46 231.4050
0.47 225.6305
0.48 220.0000
0.49 0.0000
0.50 0.0000
0.51 0.0000
0.52 0.0000
0.53 0.0000
0.54 0.0000
0.55 0.0000
0.56 0.0000
0.57 0.0000
0.58 0.0000
0.59 0.0000
0.60 0.0000
0.61 0.0000
0.62 0.0000
0.63 0.0000
0.64 0.0000
0.65 0.0000
0.66 0.0000
0.67 0.0000
0.68 0.0000
0.69 0.0000
0.70 0.0000
0.71 0.0000
0.72 0.0000
0.73 0.0000
0.74 0.0000
0.75 0.0000
0.76 0.0000
0.77 0.0000
0.78 0.0000
0.79 0.0000
0.80 0.0000
0.81 0.0000
0.82 0.0000
0.83 0.0000
0.84 0.0000
0.85 0.0000
0.86 0.0000
0.87 0.0000
0.88 0.0000
0.89 0.0000
0.90 0.0000
0.91 0.0000
0.92 0.0000
0.93 0.0000
0.94 0.0000
0.95 0.0000
0.96 0.0000
0.97 0.0000
0.98 0.0000
0.99 252.3490
1.00 252.3490
1.01 252.3490
1.02 249.6307
1.03 248.7311
1.04 246.0518
1.05 244.2816
1.06 244.2816
1.07 0.0000
1.08 0.0000
1.09 0.0000
1.10 0.0000
1.11 0.0000
1.12 0.0000
1.13 0.0000
1.14 0.0000
1.15 0.0000
1.16 0.0000
1.17 0.0000
1.18 0.0000
1.19 287.3721
1.20 287.3721
1.21 287.3721
1.22 283.2521
1.23 283.2521
1.24 282.2314
1.25 282.2314
1.26 279.1912
1.27 0.0000
1.28 0.0000
1.29 0.0000
1.30 0.0000
1.31 0.0000
1.32 0.0000
1.33 0.0000
1.34 0.0000
1.35 0.0000
1.36 324.9018
1.37 324.9018
1.38 324.9018
1.39 320.2437
1.40 319.0897
1.41 312.2522
1.42 310.0058
1.43 303.3630
1.44 301.1805
1.45 299.0138
1.46 299.0138
1.47 297.9362
1.48 297.9362
1.49 297.9362
1.50 296.8626
1.51 293.6648
1.52 291.5521
1.53 288.4115
1.54 280.2010
1.55 0.0000
1.56 0.0000
1.57 0.0000
1.58 0.0000
1.59 0.0000
1.60 278.1851
1.61 278.1851
1.62 278.1851
1.63 0.0000
1.64 0.0000
1.65 0.0000
1.66 0.0000
1.67 0.0000
1.68 0.0000
1.69 0.0000
1.70 0.0000
1.71 0.0000
1.72 0.0000
1.73 0.0000
1.74 0.0000
1.75 0.0000
1.76 0.0000
1.77 0.0000
1.78 241.6502
1.79 249.6307
1.80 249.6307
1.81 249.6307
1.82 245.1651
1.83 0.0000
1.84 0.0000
1.85 0.0000
1.86 0.0000
1.87 0.0000
1.88 0.0000
1.89 0.0000
1.90 0.0000
1.91 0.0000
1.92 0.0000
1.93 209.9135
1.94 218.4173
1.95 223.2000
1.96 225.6305
1.97 225.6305
1.98 225.6305
1.99 222.3956
2.00 221.5942
2.01 220.0000
2.02 218.4173
2.03 211.4347
2.04 209.1571
2.05 209.1571
2.06 209.1571
2.07 209.9135
2.08 211.4347
2.09 217.6302
2.10 217.6302
2.11 217.6302
2.12 217.6302
2.13 216.8459
2.14 212.9668
2.15 211.4347
2.16 211.4347
2.17 211.4347
2.18 211.4347
2.19 211.4347
2.20 211.4347
2.21 211.4347
2.22 208.4034
2.23 208.4034
2.24 205.4155
2.25 0.0000
2.26 0.0000
2.27 0.0000
2.28 0.0000
2.29 0.0000
2.30 0.0000
2.31 0.0000
2.32 0.0000
2.33 182.3449
2.34 182.3449
2.35 182.3449
2.36 0.0000
2.37 0.0000
2.38 0.0000
2.39 0.0000
2.40 0.0000
2.41 0.0000
2.42 0.0000
2.43 0.0000
2.44 0.0000
2.45 0.0000
2.46 0.0000
2.47 0.0000
2.48 0.0000
2.49 0.0000
2.50 0.0000
2.51 0.0000
2.52 0.0000
2.53 0.0000
2.54 0.0000
2.55 0.0000
2.56 0.0000
2.57 0.0000
2.58 0.0000
2.59 0.0000
2.60 0.0000
2.61 0.0000
2.62 0.0000
2.63 0.0000
2.64 0.0000
2.65 0.0000
2.66 0.0000
2.67 0.0000
2.68 128.4727
2.69 128.4727
2.70 137.0984
2.71 142.6524
2.72 149.5069
2.73 149.5069
2.74 149.5069
2.75 148.9681
2.76 148.9681
2.77 0.0000
2.78 0.0000
2.79 0.0000
2.80 0.0000
2.81 0.0000
2.82 0.0000
2.83 0.0000
2.84 0.0000
2.85 0.0000
2.86 0.0000
2.87 0.0000
2.88 0.0000
2.89 0.0000
2.90 0.0000
2.91 0.0000
2.92 0.0000
2.93 0.0000
2.94 0.0000
2.95 0.0000
2.96 0.0000
2.97 0.0000
2.98 0.0000
2.99 0.0000
3.00 0.0000
3.01 0.0000
3.02 0.0000
3.03 0.0000
3.04 0.0000
3.05 0.0000
3.06 0.0000
3.07 0.0000
3.08 0.0000
3.09 0.0000
3.10 0.0000
3.11 0.0000
3.12 0.0000
3.13 0.0000
3.14 0.0000
3.15 0.0000
3.16 0.0000
3.17 0.0000
3.18 0.0000
3.19 0.0000
3.20 0.0000
3.21 0.0000
3.22 0.0000
3.23 0.0000
3.24 0.0000
3.25 0.0000
3.26 0.0000
3.27 0.0000
3.28 0.0000
3.29 0.0000
3.30 0.0000
3.31 0.0000
3.32 0.0000
3.33 0.0000
3.34 0.0000
3.35 0.0000
3.36 0.0000
3.37 0.0000
3.38 0.0000
3.39 0.0000
3.40 0.0000
3.41 196.7066
3.42 196.7066
3.43 196.7066
3.44 0.0000
3.45 0.0000
3.46 0.0000
3.47 0.0000
3.48 0.0000
3.49 0.0000
3.50 0.0000
3.51 0.0000
3.52 0.0000
3.53 0.0000
3.54 0.0000
3.55 0.0000
3.56 0.0000
3.57 0.0000
3.58 0.0000
3.59 0.0000
3.60 0.0000
3.61 0.0000
3.62 0.0000
3.63 0.0000
3.64 0.0000
3.65 0.0000
3.66 0.0000
3.67 0.0000
3.68 0.0000
3.69 0.0000
3.70 0.0000
3.71 0.0000
3.72 0.0000
3.73 0.0000
3.74 0.0000
3.75 0.0000
3.76 0.0000
3.77 0.0000
3.78 0.0000
3.79 0.0000
3.80 0.0000
3.81 0.0000
3.82 225.6305
3.83 225.6305
3.84 225.6305
3.85 225.6305
3.86 225.6305
3.87 0.0000
3.88 0.0000
3.89 0.0000
3.90 0.0000
3.91 0.0000
3.92 0.0000
3.93 0.0000
3.94 0.0000
3.95 0.0000
3.96 0.0000
3.97 273.2087
3.98 273.2087
3.99 273.2087
4.00 270.2657
4.01 259.7434
4.02 248.7311
4.03 226.4465
4.04 226.4465
4.05 226.4465
4.06 228.9123
4.07 232.2419
4.08 241.6502
4.09 249.6307
4.10 259.7434
4.11 259.7434
4.12 261.6256
4.13 266.3910
4.14 273.2087
4.15 273.2087
4.16 273.2087
4.17 272.2242
4.18 270.2657
4.19 266.3910
4.20 259.7434
4.21 249.6307
4.22 249.6307
4.23 249.6307
4.24 256.9454
4.25 259.7434
4.26 262.5718
4.27 265.4310
4.28 265.4310
4.29 265.4310
4.30 0.0000
4.31 0.0000
4.32 0.0000
4.33 332.0162
4.34 332.0162
4.35 332.0162
4.36 329.6276
4.37 327.2561
4.38 319.0897
4.39 314.5149
4.40 291.5521
4.41 291.5521
4.42 291.5521
4.43 293.6648
4.44 299.0138
4.45 303.3630
4.46 303.3630
4.47 303.3630
4.48 0.0000
4.49 0.0000
4.50 0.0000
4.51 0.0000
4.52 0.0000
4.53 0.0000
4.54 0.0000
4.55 0.0000
4.56 0.0000
4.57 0.0000
4.58 0.0000
4.59 0.0000
4.60 0.0000
4.61 0.0000
4.62 0.0000
4.63 0.0000
4.64 0.0000
4.65 288.4115
4.66 288.4115
4.67 288.4115
4.68 0.0000
4.69 0.0000
4.70 0.0000
4.71 0.0000
4.72 0.0000
4.73 0.0000
4.74 0.0000
4.75 0.0000
4.76 0.0000
4.77 249.6307
4.78 254.1776
4.79 254.1776
4.80 254.1776
4.81 0.0000
4.82 0.0000
4.83 0.0000
4.84 0.0000
4.85 0.0000
4.86 0.0000
4.87 0.0000
4.88 0.0000
4.89 0.0000
4.90 0.0000
4.91 0.0000
4.92 0.0000
4.93 0.0000
4.94 0.0000
4.95 0.0000
4.96 221.5942
4.97 221.5942
4.98 222.3956
4.99 224.8174
5.00 228.9123
5.01 228.9123
5.02 228.9123
5.03 226.4465
5.04 0.0000
5.05 0.0000
5.06 0.0000
5.07 0.0000
5.08 0.0000
5.09 0.0000
5.10 0.0000
5.11 0.0000
5.12 0.0000
5.13 218.4173
5.14 222.3956
5.15 231.4050
5.16 240.7794
5.17 240.7794
5.18 240.7794
5.19 233.0819
5.20 220.0000
5.21 208.4034
5.22 201.0139
5.23 190.4180
5.24 190.4180
5.25 190.4180
5.26 194.5877
5.27 208.4034
5.28 209.1571
5.29 219.2072
5.30 233.9249
5.31 233.9249
5.32 233.9249
5.33 233.0819
5.34 231.4050
5.35 0.0000
5.36 0.0000
5.37 0.0000
5.38 0.0000
5.39 0.0000
5.40 0.0000
5.41 0.0000
5.42 0.0000
5.43 0.0000
5.44 0.0000
5.45 0.0000
5.46 0.0000
5.47 0.0000
5.48 0.0000
5.49 0.0000
5.50 0.0000
5.51 0.0000
5.52 0.0000
5.53 0.0000
5.54 0.0000
5.55 167.8158
5.56 167.8158
5.57 167.8158
5.58 166.6085
5.59 166.6085
5.60 166.6085
5.61 166.0081
5.62 166.0081
5.63 0.0000
5.64 0.0000
5.65 0.0000
5.66 0.0000
5.67 0.0000
5.68 0.0000
5.69 0.0000
5.70 0.0000
5.71 0.0000
5.72 0.0000
5.73 0.0000
5.74 0.0000
5.75 0.0000
5.76 0.0000
5.77 0.0000
5.78 0.0000
5.79 0.0000
5.80 0.0000
5.81 0.0000
5.82 0.0000
5.83 0.0000
5.84 0.0000
5.85 0.0000
5.86 0.0000
5.87 0.0000
5.88 0.0000
5.89 0.0000
5.90 133.1955
5.91 135.1329
5.92 135.1329
5.93 135.1329
5.94 135.1329
5.95 135.1329
5.96 137.0984
5.97 137.0984
5.98 137.0984
5.99 0.0000
6.00 0.0000
6.01 0.0000
6.02 0.0000
6.03 0.0000
6.04 0.0000
6.05 0.0000
6.06 0.0000
6.07 0.0000
6.08 0.0000
6.09 0.0000
6.10 0.0000
6.11 148.4313
6.12 148.4313
6.13 148.4313
6.14 148.4313
6.15 148.4313
6.16 147.3634
6.17 0.0000
6.18 0.0000
6.19 0.0000
6.20 0.0000
6.21 0.0000
6.22 0.0000
6.23 0.0000
6.24 0.0000
6.25 0.0000
6.26 0.0000
6.27 0.0000
6.28 0.0000
6.29 0.0000
6.30 176.5155
6.31 176.5155
6.32 176.5155
6.33 175.8794
6.34 174.6141
6.35 170.8725
6.36 168.4227
6.37 160.1219
6.38 157.2575
6.39 155.5635
6.40 155.0029
6.41 155.0029
6.42 155.0029
6.43 155.0029
6.44 191.1067
6.45 192.4916
6.46 195.9977
6.47 197.4180
6.48 197.4180
6.49 197.4180
6.50 196.7066
6.51 193.1877
6.52 193.1877
6.53 193.1877
6.54 193.1877
6.55 193.8864
6.56 193.8864
6.57 193.8864
6.58 0.0000
6.59 0.0000
6.60 0.0000
6.61 0.0000
6.62 0.0000
6.63 0.0000
6.64 0.0000
6.65 207.6523
6.66 207.6523
6.67 207.6523
6.68 207.6523
6.69 207.6523
6.70 207.6523
6.71 208.4034
6.72 209.1571
6.73 209.1571
6.74 211.4347
6.75 211.4347
6.76 216.8459
6.77 217.6302
6.78 218.4173
6.79 219.2072
6.80 219.2072
6.81 221.5942
6.82 222.3956
6.83 225.6305
6.84 233.9249
6.85 235.6200
6.86 236.4721
6.87 236.4721
6.88 236.4721
6.89 233.9249
6.90 232.2419
6.91 228.9123
6.92 225.6305
6.93 222.3956
6.94 220.0000
6.95 218.4173
6.96 217.6302
6.97 217.6302
6.98 0.0000
6.99 0.0000
7.00 0.0000
7.01 249.6307
7.02 249.6307
7.03 249.6307
7.04 249.6307
7.05 249.6307
7.06 248.7311
7.07 247.8348
7.08 247.8348
7.09 247.8348
7.10 248.7311
7.11 249.6307
7.12 249.6307
7.13 249.6307
7.14 249.6307
7.15 249.6307
7.16 259.7434
7.17 271.2432
7.18 278.1851
7.19 283.2521
7.20 287.3721
7.21 288.4115
7.22 290.5014
7.23 290.5014
7.24 290.5014
7.25 290.5014
7.26 0.0000
7.27 0.0000
7.28 0.0000
7.29 0.0000
7.30 0.0000
7.31 0.0000
7.32 0.0000
7.33 0.0000
7.34 303.3630
7.35 303.3630
7.36 304.4602
7.37 304.4602
7.38 306.6664
7.39 306.6664
7.40 306.6664
7.41 304.4602
7.42 303.3630
7.43 302.2698
7.44 297.9362
7.45 296.8626
7.46 295.7928
7.47 292.6065
7.48 292.6065
7.49 292.6065
7.50 293.6648
7.51 294.7269
7.52 295.7928
7.53 297.9362
7.54 299.0138
7.55 300.0952
7.56 300.0952
7.57 300.0952
7.58 299.0138
7.59 299.0138
7.60 299.0138
7.61 299.0138
7.62 299.0138
7.63 299.0138
7.64 291.5521
7.65 291.5521
7.66 291.5521
7.67 289.4546
7.68 289.4546
7.69 289.4546
7.70 289.4546
7.71 289.4546
7.72 291.5521
7.73 291.5521
7.74 291.5521
7.75 0.0000
7.76 0.0000
7.77 0.0000
7.78 0.0000
7.79 0.0000
7.80 0.0000
7.81 305.5613
7.82 305.5613
7.83 305.5613
7.84 304.4602
7.85 304.4602
7.86 304.4602
7.87 304.4602
7.88 304.4602
7.89 303.3630
7.90 303.3630
7.91 301.1805
7.92 299.0138
7.93 299.0138
7.94 299.0138
7.95 299.0138
7.96 299.0138
7.97 302.2698
7.98 302.2698
7.99 302.2698
8.00 301.1805
8.01 297.9362
8.02 292.6065
8.03 289.4546
8.04 287.3721
8.05 284.2766
8.06 0.0000
8.07 0.0000
8.08 0.0000
8.09 0.0000
8.10 0.0000
8.11 0.0000
8.12 0.0000
8.13 0.0000
8.14 0.0000
8.15 282.2314
8.16 283.2521
8.17 287.3721
8.18 288.4115
8.19 291.5521
8.20 296.8626
8.21 297.9362
8.22 297.9362
8.23 297.9362
8.24 297.9362
8.25 297.9362
8.26 297.9362
8.27 299.0138
8.28 301.1805
8.29 302.2698
8.30 302.2698
8.31 302.2698
8.32 302.2698
8.33 302.2698
8.34 302.2698
8.35 301.1805
8.36 300.0952
8.37 0.0000
8.38 0.0000
8.39 0.0000
8.40 0.0000
8.41 0.0000
8.42 0.0000
8.43 291.5521
8.44 291.5521
8.45 293.6648
8.46 295.7928
8.47 296.8626
8.48 296.8626
8.49 296.8626
8.50 296.8626
8.51 296.8626
8.52 294.7269
8.53 293.6648
8.54 0.0000
8.55 0.0000
8.56 0.0000
8.57 0.0000
8.58 0.0000
8.59 299.0138
8.60 299.0138
8.61 299.0138
8.62 297.9362
8.63 296.8626
8.64 296.8626
8.65 296.8626
8.66 295.7928
8.67 291.5521
8.68 278.1851
8.69 278.1851
8.70 278.1851
8.71 278.1851
8.72 278.1851
8.73 278.1851
8.74 282.2314
8.75 282.2314
8.76 283.2521
8.77 283.2521
8.78 284.2766
8.79 285.3047
8.80 286.3366
8.81 286.3366
8.82 286.3366
8.83 285.3047
8.84 284.2766
8.85 283.2521
8.86 279.1912
8.87 0.0000
8.88 0.0000
8.89 0.0000
8.90 0.0000
8.91 0.0000
8.92 0.0000
8.93 0.0000
8.94 0.0000
8.95 0.0000
8.96 0.0000
8.97 279.1912
8.98 282.2314
8.99 314.5149
9.00 319.0897
9.01 320.2437
9.02 328.4397
9.03 328.4397
9.04 328.4397
9.05 320.2437
9.06 303.3630
9.07 297.9362
9.08 287.3721
9.09 287.3721
9.10 287.3721
9.11 287.3721
9.12 287.3721
9.13 291.5521
9.14 292.6065
9.15 308.8886
9.16 316.7940
9.17 329.6276
9.18 329.6276
9.19 329.6276
9.20 327.2561
9.21 320.2437
9.22 319.0897
9.23 302.2698
9.24 297.9362
9.25 291.5521
9.26 291.5521
9.27 291.5521
9.28 291.5521
9.29 291.5521
9.30 289.4546
9.31 288.4115
9.32 286.3366
9.33 279.1912
9.34 0.0000
9.35 0.0000
9.36 0.0000
9.37 0.0000
9.38 0.0000
9.39 0.0000
9.40 0.0000
9.41 0.0000
9.42 0.0000
9.43 0.0000
9.44 0.0000
9.45 0.0000
9.46 0.0000
9.47 0.0000
9.48 0.0000
9.49 0.0000
9.50 0.0000
9.51 0.0000
9.52 0.0000
9.53 0.0000
9.54 0.0000
9.55 0.0000
9.56 0.0000
9.57 0.0000
9.58 0.0000
9.59 0.0000
9.60 0.0000
9.61 0.0000
9.62 0.0000
9.63 0.0000
9.64 0.0000
9.65 0.0000
9.66 0.0000
9.67 0.0000
9.68 0.0000
9.69 0.0000
9.70 0.0000
9.71 0.0000
9.72 0.0000
9.73 0.0000
9.74 0.0000
9.75 0.0000
9.76 0.0000
9.77 0.0000
9.78 0.0000
9.79 0.0000
9.80 0.0000
9.81 0.0000
9.82 0.0000
9.83 0.0000
9.84 0.0000
9.85 0.0000
9.86 0.0000
9.87 0.0000
9.88 0.0000
9.89 0.0000
9.90 0.0000
9.91 0.0000
9.92 0.0000
9.93 232.2419
9.94 238.1857
9.95 249.6307
9.96 259.7434
9.97 272.2242
9.98 277.1826
9.99 277.1826
10.00 277.1826
10.01 274.1968
10.02 270.2657
10.03 260.6828
10.04 249.6307
10.05 247.8348
10.06 240.7794
10.07 233.0819
10.08 233.0819
10.09 233.0819
10.10 236.4721
10.11 239.9117
10.12 242.5242
10.13 249.6307
10.14 259.7434
10.15 272.2242
10.16 274.1968
10.17 274.1968
10.18 274.1968
10.19 272.2242
10.20 266.3910
10.21 250.5335
10.22 248.7311
10.23 228.9123
10.24 228.9123
10.25 228.9123
10.26 231.4050
10.27 238.1857
10.28 241.6502
10.29 249.6307
10.30 259.7434
10.31 265.4310
10.32 271.2432
10.33 272.2242
10.34 272.2242
10.35 272.2242
10.36 267.3544
10.37 259.7434
10.38 249.6307
10.39 247.8348
10.40 240.7794
10.41 233.0819
10.42 233.0819
10.43 233.0819
10.44 241.6502
10.45 249.6307
10.46 260.6828
10.47 267.3544
10.48 272.2242
10.49 272.2242
10.50 272.2242
10.51 271.2432
10.52 262.5718
10.53 259.7434
10.54 232.2419
10.55 232.2419
10.56 232.2419
10.57 232.2419
10.58 233.9249
10.59 237.3274
10.60 240.7794
10.61 245.1651
10.62 249.6307
10.63 249.6307
10.64 249.6307
10.65 249.6307
10.66 249.6307
10.67 248.7311
10.68 0.0000
10.69 0.0000
10.70 0.0000
10.71 0.0000
10.72 0.0000
10.73 0.0000
10.74 0.0000
10.75 0.0000
10.76 0.0000
10.77 249.6307
10.78 250.5335
10.79 260.6828
10.80 272.2242
10.81 277.1826
10.82 277.1826
10.83 277.1826
10.84 273.2087
10.85 260.6828
10.86 260.6828
10.87 259.7434
10.88 259.7434
10.89 259.7434
10.90 260.6828
10.91 263.5214
10.92 265.4310
10.93 278.1851
10.94 287.3721
10.95 292.6065
10.96 308.8886
10.97 308.8886
10.98 308.8886
10.99 308.8886
11.00 303.3630
11.01 302.2698
11.02 299.0138
11.03 290.5014
11.04 274.1968
11.05 271.2432
11.06 262.5718
11.07 262.5718
11.08 262.5718
11.09 264.4745
11.10 271.2432
11.11 278.1851
11.12 288.4115
11.13 296.8626
11.14 310.0058
11.15 311.1270
11.16 311.1270
11.17 311.1270
11.18 311.1270
11.19 303.3630
11.20 300.0952
11.21 291.5521
11.22 271.2432
11.23 260.6828
11.24 260.6828
11.25 260.6828
11.26 263.5214
11.27 265.4310
11.28 279.1912
11.29 287.3721
11.30 292.6065
11.31 296.8626
11.32 301.1805
11.33 301.1805
11.34 301.1805
11.35 296.8626
11.36 290.5014
11.37 280.2010
11.38 278.1851
11.39 276.1838
11.40 276.1838
11.41 276.1838
11.42 276.1838
11.43 276.1838
11.44 276.1838
11.45 275.1885
11.46 274.1968
11.47 0.0000
11.48 0.0000
11.49 0.0000
11.50 0.0000
11.51 0.0000
11.52 0.0000
11.53 183.6663
11.54 187.0117
11.55 195.9977
11.56 200.2895
11.57 206.9040
11.58 212.1993
11.59 221.5942
11.60 221.5942
11.61 221.5942
11.62 219.2072
11.63 216.8459
11.64 212.1993
11.65 208.4034
11.66 201.7409
11.67 201.0139
11.68 201.0139
11.69 201.0139
11.70 201.0139
11.71 208.4034
11.72 217.6302
11.73 220.0000
11.74 225.6305
11.75 239.9117
11.76 239.9117
11.77 239.9117
11.78 233.0819
11.79 226.4465
11.80 220.7957
11.81 218.4173
11.82 208.4034
11.83 201.0139
11.84 193.8864
11.85 193.8864
11.86 193.8864
11.87 198.1320
11.88 200.2895
11.89 209.1571
11.90 218.4173
11.91 241.6502
11.92 248.7311
11.93 248.7311
11.94 248.7311
11.95 246.0518
11.96 243.4013
11.97 233.0819
11.98 220.0000
11.99 208.4034
12.00 194.5877
12.01 194.5877
12.02 194.5877
12.03 196.7066
12.04 200.2895
12.05 218.4173
12.06 223.2000
12.07 233.9249
12.08 239.9117
12.09 239.9117
12.10 239.9117
12.11 239.0471
12.12 236.4721
12.13 233.0819
12.14 229.7402
12.15 221.5942
12.16 217.6302
12.17 216.8459
12.18 216.8459
12.19 216.8459
12.20 220.0000
12.21 220.0000
12.22 220.0000
12.23 0.0000
12.24 0.0000
12.25 0.0000
12.26 0.0000
12.27 0.0000
12.28 0.0000
12.29 0.0000
12.30 0.0000
12.31 0.0000
12.32 144.2057
12.33 144.7273
12.34 144.7273
12.35 146.8324
12.36 154.4443
12.37 154.4443
12.38 155.0029
12.39 155.0029
12.40 155.0029
12.41 154.4443
12.42 154.4443
12.43 148.4313
12.44 147.8964
12.45 145.7760
12.46 143.1683
12.47 137.0984
12.48 137.0984
12.49 137.0984
12.50 137.0984
12.51 139.0926
12.52 142.1383
12.53 146.3033
12.54 150.0476
12.55 154.4443
12.56 157.8262
12.57 161.8655
12.58 161.8655
12.59 161.8655
12.60 160.7010
12.61 157.8262
12.62 155.5635
12.63 155.0029
12.64 143.6861
12.65 139.0926
12.66 137.0984
12.67 137.0984
12.68 137.0984
12.69 137.0984
12.70 141.6261
12.71 154.4443
12.72 157.8262
12.73 166.0081
12.74 166.6085
12.75 168.4227
12.76 168.4227
12.77 168.4227
12.78 157.8262
12.79 157.2575
12.80 155.0029
12.81 151.6815
12.82 142.1383
12.83 139.0926
12.84 139.0926
12.85 139.0926
12.86 139.0926
12.87 140.1005
12.88 142.6524
12.89 146.8324
12.90 155.0029
12.91 157.8262
12.92 159.5448
12.93 159.5448
12.94 159.5448
12.95 157.8262
12.96 155.0029
12.97 155.0029
12.98 145.7760
12.99 145.7760
13.00 142.1383
13.01 145.7760
13.02 146.3033
13.03 146.3033
13.04 155.0029
13.05 156.1261
13.06 174.6141
13.07 181.6878
13.08 181.6878
13.09 181.6878
13.10 174.6141
13.11 171.4905
13.12 167.8158
13.13 157.8262
13.14 157.2575
13.15 150.0476
13.16 148.4313
13.17 148.4313
13.18 148.4313
13.19 151.1349
13.20 157.8262
13.21 157.8262
13.22 167.8158
13.23 168.4227
13.24 168.4227
13.25 168.4227
13.26 168.4227
13.27 168.4227
13.28 168.4227
13.29 167.8158
13.30 167.2111
13.31 164.8138
13.32 158.3970
13.33 149.5069
13.34 148.4313
13.35 148.4313
13.36 148.4313
13.37 151.1349
13.38 157.8262
13.39 157.8262
13.40 166.6085
13.41 166.6085
13.42 168.4227
13.43 168.4227
13.44 168.4227
13.45 168.4227
13.46 167.8158
13.47 160.7010
13.48 160.7010
13.49 157.8262
13.50 155.0029
13.51 149.5069
13.52 149.5069
13.53 149.5069
13.54 150.0476
13.55 151.1349
13.56 157.8262
13.57 160.1219
13.58 171.4905
13.59 177.7946
13.60 177.7946
13.61 177.7946
13.62 174.6141
13.63 170.8725
13.64 157.8262
13.65 157.8262
13.66 155.0029
13.67 155.0029
13.68 155.0029
13.69 155.0029
13.70 157.8262
13.71 157.8262
13.72 166.0081
13.73 168.4227
13.74 168.4227
13.75 168.4227
13.76 0.0000
13.77 0.0000
13.78 0.0000
13.79 0.0000
13.80 0.0000
13.81 0.0000
13.82 0.0000
13.83 0.0000
13.84 0.0000
13.85 0.0000
13.86 0.0000
13.87 169.0319
13.88 169.6432
13.89 200.2895
13.90 206.9040
13.91 206.9040
13.92 206.9040
13.93 201.0139
13.94 193.8864
13.95 171.4905
13.96 167.8158
13.97 167.2111
13.98 167.2111
13.99 167.2111
14.00 168.4227
14.01 171.4905
14.02 178.4377
14.03 182.3449
14.04 195.9977
14.05 205.4155
14.06 205.4155
14.07 205.4155
14.08 201.0139
14.09 201.0139
14.10 197.4180
14.11 185.6663
14.12 174.6141
14.13 172.1107
14.14 171.4905
14.15 171.4905
14.16 172.1107
14.17 178.4377
14.18 183.6663
14.19 194.5877
14.20 200.2895
14.21 201.0139
14.22 201.0139
14.23 201.0139
14.24 196.7066
14.25 192.4916
14.26 179.0830
14.27 179.0830
14.28 179.0830
14.29 182.3449
14.30 183.0044
14.31 183.0044
14.32 183.0044
14.33 0.0000
14.34 0.0000
14.35 0.0000
14.36 0.0000
14.37 0.0000
14.38 0.0000
14.39 0.0000
14.40 0.0000
14.41 0.0000
14.42 0.0000
14.43 0.0000
14.44 0.0000
14.45 0.0000
14.46 0.0000
14.47 0.0000
14.48 0.0000
14.49 0.0000
14.50 0.0000
14.51 0.0000
14.52 0.0000
14.53 0.0000
14.54 0.0000
14.55 0.0000
14.56 0.0000
14.57 0.0000
14.58 0.0000
14.59 0.0000
14.60 0.0000
14.61 0.0000
14.62 313.3815
14.63 319.0897
14.64 323.7309
14.65 323.7309
14.66 323.7309
14.67 323.7309
14.68 320.2437
14.69 319.0897
14.70 317.9398
14.71 317.9398
14.72 317.9398
14.73 319.0897
14.74 321.4019
14.75 324.9018
14.76 324.9018
14.77 324.9018
14.78 323.7309
14.79 323.7309
14.80 320.2437
14.81 319.0897
14.82 317.9398
14.83 314.5149
14.84 313.3815
14.85 313.3815
14.86 313.3815
14.87 314.5149
14.88 323.7309
14.89 329.6276
14.90 330.8197
14.91 335.6316
14.92 339.2864
14.93 345.4663
14.94 345.4663
14.95 345.4663
14.96 344.2214
14.97 339.2864
14.98 333.2170
14.99 328.4397
15.00 319.0897
15.01 314.5149
15.02 314.5149
15.03 314.5149
15.04 317.9398
15.05 320.2437
15.06 328.4397
15.07 334.4221
15.08 341.7450
15.09 347.9697
15.10 350.4913
15.11 350.4913
15.12 350.4913
15.13 342.9810
15.14 339.2864
15.15 333.2170
15.16 332.0162
15.17 330.8197
15.18 326.0768
15.19 317.9398
15.20 317.9398
15.21 317.9398
15.22 320.2437
15.23 323.7309
15.24 332.0162
15.25 335.6316
15.26 339.2864
15.27 346.7158
15.28 349.2282
15.29 354.3079
15.30 355.5893
15.31 355.5893
15.32 355.5893
15.33 353.0311
15.34 0.0000
15.35 0.0000
15.36 0.0000
15.37 0.0000
15.38 0.0000
15.39 0.0000
15.40 0.0000
15.41 0.0000
15.42 0.0000
15.43 0.0000
15.44 0.0000
15.45 0.0000
15.46 0.0000
15.47 0.0000
15.48 299.0138
15.49 317.9398
15.50 320.2437
15.51 320.2437
15.52 320.2437
15.53 319.0897
15.54 314.5149
15.55 303.3630
15.56 299.0138
15.57 290.5014
15.58 272.2242
15.59 261.6256
15.60 261.6256
15.61 261.6256
15.62 263.5214
15.63 265.4310
15.64 278.1851
15.65 287.3721
15.66 292.6065
15.67 308.8886
15.68 316.7940
15.69 316.7940
15.70 316.7940
15.71 316.7940
15.72 312.2522
15.73 307.7755
15.74 302.2698
15.75 288.4115
15.76 274.1968
15.77 271.2432
15.78 263.5214
15.79 263.5214
15.80 263.5214
15.81 271.2432
15.82 272.2242
15.83 274.1968
15.84 282.2314
15.85 287.3721
15.86 295.7928
15.87 295.7928
15.88 295.7928
15.89 293.6648
15.90 291.5521
15.91 289.4546
15.92 288.4115
15.93 272.2242
15.94 266.3910
15.95 259.7434
15.96 253.2616
15.97 249.6307
15.98 249.6307
15.99 249.6307
16.00 249.6307
16.01 256.9454
16.02 259.7434
16.03 263.5214
16.04 263.5214
16.05 263.5214
16.06 261.6256
16.07 255.0969
16.08 249.6307
16.09 248.7311
16.10 245.1651
16.11 219.2072
16.12 218.4173
16.13 218.4173
16.14 218.4173
16.15 219.2072
16.16 222.3956
16.17 224.0072
16.18 225.6305
16.19 227.2655
16.20 227.2655
16.21 227.2655
16.22 225.6305
16.23 224.8174
16.24 221.5942
16.25 221.5942
16.26 219.2072
16.27 219.2072
16.28 219.2072
16.29 220.0000
16.30 220.0000
16.31 220.0000
16.32 220.0000
16.33 220.0000
16.34 220.0000
16.35 219.2072
16.36 219.2072
16.37 218.4173
16.38 212.1993
16.39 209.1571
16.40 207.6523
16.41 206.1584
16.42 206.1584
16.43 206.1584
16.44 209.9135
16.45 217.6302
16.46 222.3956
16.47 233.9249
16.48 236.4721
16.49 236.4721
16.50 236.4721
16.51 235.6200
16.52 233.9249
16.53 231.4050
16.54 225.6305
16.55 220.7957
16.56 216.8459
16.57 209.9135
16.58 209.9135
16.59 209.9135
16.60 211.4347
16.61 212.1993
16.62 218.4173
16.63 222.3956
16.64 226.4465
16.65 232.2419
16.66 235.6200
16.67 236.4721
16.68 236.4721
16.69 236.4721
16.70 233.9249
16.71 230.5711
16.72 225.6305
16.73 221.5942
16.74 216.0645
16.75 216.0645
16.76 216.0645
16.77 219.2072
16.78 221.5942
16.79 224.8174
16.80 228.9123
16.81 232.2419
16.82 236.4721
16.83 237.3274
16.84 237.3274
16.85 237.3274
16.86 237.3274
16.87 235.6200
16.88 233.9249
16.89 233.0819
16.90 233.0819
16.91 0.0000
16.92 0.0000
16.93 0.0000
16.94 0.0000
16.95 0.0000
16.96 0.0000
16.97 0.0000
16.98 311.1270
16.99 314.5149
17.00 319.0897
17.01 319.0897
17.02 319.0897
17.03 317.9398
17.04 312.2522
17.05 292.6065
17.06 291.5521
17.07 289.4546
17.08 286.3366
17.09 286.3366
17.10 286.3366
17.11 287.3721
17.12 291.5521
17.13 292.6065
17.14 299.0138
17.15 320.2437
17.16 329.6276
17.17 334.4221
17.18 334.4221
17.19 334.4221
17.20 329.6276
17.21 320.2437
17.22 303.3630
17.23 299.0138
17.24 282.2314
17.25 277.1826
17.26 277.1826
17.27 277.1826
17.28 279.1912
17.29 283.2521
17.30 287.3721
17.31 292.6065
17.32 296.8626
17.33 308.8886
17.34 311.1270
17.35 313.3815
17.36 316.7940
17.37 316.7940
17.38 316.7940
17.39 315.6524
17.40 314.5149
17.41 311.1270
17.42 303.3630
17.43 297.9362
17.44 288.4115
17.45 285.3047
17.46 285.3047
17.47 285.3047
17.48 287.3721
17.49 289.4546
17.50 291.5521
17.51 293.6648
17.52 296.8626
17.53 299.0138
17.54 302.2698
17.55 306.6664
17.56 306.6664
17.57 306.6664
17.58 303.3630
17.59 302.2698
17.60 299.0138
17.61 297.9362
17.62 291.5521
17.63 290.5014
17.64 290.5014
17.65 290.5014
17.66 291.5521
17.67 300.0952
17.68 303.3630
17.69 311.1270
17.70 311.1270
17.71 311.1270
17.72 311.1270
17.73 311.1270
17.74 311.1270
17.75 311.1270
17.76 311.1270
17.77 300.0952
17.78 300.0952
17.79 300.0952
17.80 300.0952
17.81 314.5149
17.82 320.2437
17.83 327.2561
17.84 329.6276
17.85 341.7450
17.86 341.7450
17.87 341.7450
17.88 340.5135
17.89 336.8455
17.90 334.4221
17.91 332.0162
17.92 329.6276
17.93 323.7309
17.94 319.0897
17.95 319.0897
17.96 319.0897
17.97 322.5643
17.98 332.0162
17.99 333.2170
18.00 335.6316
18.01 336.8455
18.02 336.8455
18.03 336.8455
18.04 336.8455
18.05 335.6316
18.06 333.2170
18.07 332.0162
18.08 327.2561
18.09 320.2437
18.10 319.0897
18.11 319.0897
18.12 319.0897
18.13 319.0897
18.14 323.7309
18.15 328.4397
18.16 333.2170
18.17 339.2864
18.18 345.4663
18.19 349.2282
18.20 350.4913
18.21 350.4913
18.22 350.4913
18.23 344.2214
18.24 335.6316
18.25 330.8197
18.26 328.4397
18.27 317.9398
18.28 311.1270
18.29 311.1270
18.30 311.1270
18.31 314.5149
18.32 319.0897
18.33 323.7309
18.34 329.6276
18.35 336.8455
18.36 342.9810
18.37 342.9810
18.38 342.9810
18.39 341.7450
18.40 336.8455
18.41 335.6316
18.42 333.2170
18.43 332.0162
18.44 332.0162
18.45 330.8197
18.46 329.6276
18.47 327.2561
18.48 323.7309
18.49 0.0000
18.50 0.0000
18.51 0.0000
18.52 0.0000
18.53 0.0000
18.54 0.0000
18.55 0.0000
18.56 0.0000
18.57 0.0000
18.58 0.0000
18.59 0.0000
18.60 0.0000
18.61 0.0000
18.62 0.0000
18.63 0.0000
18.64 232.2419
18.65 235.6200
18.66 235.6200
18.67 235.6200
18.68 233.0819
18.69 231.4050
18.70 220.0000
18.71 217.6302
18.72 217.6302
18.73 201.7409
18.74 201.7409
18.75 201.7409
18.76 201.7409
18.77 205.4155
18.78 207.6523
18.79 212.1993
18.80 219.2072
18.81 221.5942
18.82 227.2655
18.83 237.3274
18.84 244.2816
18.85 244.2816
18.86 244.2816
18.87 243.4013
18.88 239.9117
18.89 233.0819
18.90 220.0000
18.91 201.0139
18.92 200.2895
18.93 199.5677
18.94 199.5677
18.95 199.5677
18.96 200.2895
18.97 206.1584
18.98 209.1571
18.99 220.0000
19.00 224.8174
19.01 234.7709
19.02 241.6502
19.03 244.2816
19.04 244.2816
19.05 244.2816
19.06 243.4013
19.07 241.6502
19.08 239.9117
19.09 233.0819
19.10 231.4050
19.11 220.0000
19.12 217.6302
19.13 209.1571
19.14 207.6523
19.15 207.6523
19.16 207.6523
19.17 209.1571
19.18 213.7370
19.19 220.0000
19.20 224.8174
19.21 230.5711
19.22 239.9117
19.23 240.7794
19.24 242.5242
19.25 242.5242
19.26 242.5242
19.27 241.6502
19.28 239.9117
19.29 236.4721
19.30 232.2419
19.31 229.7402
19.32 225.6305
19.33 218.4173
19.34 216.0645
19.35 215.2859
19.36 215.2859
19.37 215.2859
19.38 217.6302
19.39 221.5942
19.40 224.8174
19.41 228.9123
19.42 233.0819
19.43 233.0819
19.44 233.0819
19.45 232.2419
19.46 231.4050
19.47 230.5711
19.48 226.4465
19.49 0.0000
19.50 0.0000
19.51 0.0000
19.52 0.0000
19.53 0.0000
19.54 0.0000
19.55 0.0000
19.56 0.0000
19.57 0.0000
19.58 0.0000
19.59 0.0000
19.60 0.0000
19.61 0.0000
19.62 0.0000
19.63 0.0000
19.64 0.0000
19.65 0.0000
19.66 0.0000
19.67 0.0000
19.68 0.0000
19.69 0.0000
19.70 0.0000
19.71 0.0000
19.72 0.0000
19.73 0.0000
19.74 0.0000
19.75 0.0000
19.76 0.0000
19.77 0.0000
19.78 0.0000
19.79 0.0000
19.80 0.0000
19.81 0.0000
19.82 0.0000
19.83 0.0000
19.84 0.0000
19.85 0.0000
19.86 0.0000
19.87 0.0000
19.88 0.0000
19.89 0.0000
19.90 0.0000
19.91 0.0000
19.92 0.0000
19.93 0.0000
19.94 0.0000
19.95 0.0000
19.96 0.0000
19.97 0.0000
19.98 0.0000
19.99 0.0000
20.00 0.0000
20.01 0.0000
20.02 0.0000
20.03 0.0000
20.04 0.0000
20.05 0.0000
20.06 0.0000
20.07 0.0000
20.08 0.0000
20.09 0.0000
20.10 0.0000
20.11 0.0000
20.12 0.0000
20.13 0.0000
20.14 0.0000
