0.00 0.0000
0.01 0.0000
0.02 0.0000
0.03 0.0000
0.04 0.0000
0.05 0.0000
0.06 0.0000
0.07 0.0000
0.08 0.0000
0.09 0.0000
0.10 0.0000
0.11 0.0000
0.12 0.0000
0.13 0.0000
0.14 0.0000
0.15 0.0000
0.16 266.3910
0.17 271.2432
0.18 272.2242
0.19 274.1968
0.20 277.1826
0.21 283.2521
0.22 287.3721
0.23 289.4546
0.24 294.7269
0.25 299.0138
0.26 300.0952
0.27 300.0952
0.28 300.0952
0.29 300.0952
0.30 300.0952
0.31 300.0952
0.32 300.0952
0.33 300.0952
0.34 300.0952
0.35 302.2698
0.36 303.3630
0.37 304.4602
0.38 304.4602
0.39 308.8886
0.40 311.1270
0.41 313.3815
0.42 319.0897
0.43 320.2437
0.44 324.9018
0.45 326.0768
0.46 326.0768
0.47 327.2561
0.48 327.2561
0.49 327.2561
0.50 327.2561
0.51 327.2561
0.52 328.4397
0.53 328.4397
0.54 329.6276
0.55 329.6276
0.56 329.6276
0.57 328.4397
0.58 328.4397
0.59 328.4397
0.60 328.4397
0.61 328.4397
0.62 329.6276
0.63 329.6276
0.64 329.6276
0.65 329.6276
0.66 329.6276
0.67 328.4397
0.68 328.4397
0.69 328.4397
0.70 328.4397
0.71 328.4397
0.72 328.4397
0.73 328.4397
0.74 328.4397
0.75 328.4397
0.76 328.4397
0.77 328.4397
0.78 328.4397
0.79 329.6276
0.80 329.6276
0.81 329.6276
0.82 329.6276
0.83 329.6276
0.84 330.8197
0.85 330.8197
0.86 330.8197
0.87 330.8197
0.88 329.6276
0.89 329.6276
0.90 329.6276
0.91 329.6276
0.92 329.6276
0.93 329.6276
0.94 329.6276
0.95 329.6276
0.96 330.8197
0.97 330.8197
0.98 330.8197
0.99 329.6276
1.00 328.4397
1.01 327.2561
1.02 323.7309
1.03 319.0897
1.04 0.0000
1.05 0.0000
1.06 0.0000
1.07 0.0000
1.08 0.0000
1.09 0.0000
1.10 0.0000
1.11 0.0000
1.12 0.0000
1.13 0.0000
1.14 0.0000
1.15 0.0000
1.16 0.0000
1.17 0.0000
1.18 0.0000
1.19 0.0000
1.20 0.0000
1.21 0.0000
1.22 0.0000
1.23 0.0000
1.24 273.2087
1.25 273.2087
1.26 273.2087
1.27 272.2242
1.28 266.3910
1.29 262.5718
1.30 259.7434
1.31 255.0969
1.32 253.2616
1.33 253.2616
1.34 252.3490
1.35 252.3490
1.36 252.3490
1.37 253.2616
1.38 253.2616
1.39 253.2616
1.40 253.2616
1.41 252.3490
1.42 252.3490
1.43 248.7311
1.44 247.8348
1.45 243.4013
1.46 240.7794
1.47 233.0819
1.48 232.2419
1.49 226.4465
1.50 225.6305
1.51 224.8174
1.52 222.3956
1.53 222.3956
1.54 222.3956
1.55 222.3956
1.56 222.3956
1.57 222.3956
1.58 222.3956
1.59 222.3956
1.60 223.2000
1.61 223.2000
1.62 223.2000
1.63 223.2000
1.64 224.0072
1.65 224.0072
1.66 224.8174
1.67 224.8174
1.68 225.6305
1.69 225.6305
1.70 225.6305
1.71 225.6305
1.72 225.6305
1.73 225.6305
1.74 225.6305
1.75 230.5711
1.76 233.0819
1.77 241.6502
1.78 248.7311
1.79 249.6307
1.80 259.7434
1.81 259.7434
1.82 260.6828
1.83 260.6828
1.84 260.6828
1.85 260.6828
1.86 259.7434
1.87 259.7434
1.88 257.8747
1.89 256.9454
1.90 256.0195
1.91 254.1776
1.92 254.1776
1.93 254.1776
1.94 254.1776
1.95 254.1776
1.96 254.1776
1.97 255.0969
1.98 256.9454
1.99 258.8073
2.00 260.6828
2.01 263.5214
2.02 264.4745
2.03 264.4745
2.04 264.4745
2.05 264.4745
2.06 263.5214
2.07 262.5718
2.08 262.5718
2.09 260.6828
2.10 257.8747
2.11 256.9454
2.12 256.9454
2.13 256.9454
2.14 257.8747
2.15 259.7434
2.16 260.6828
2.17 261.6256
2.18 263.5214
2.19 265.4310
2.20 266.3910
2.21 266.3910
2.22 266.3910
2.23 265.4310
2.24 265.4310
2.25 262.5718
2.26 260.6828
2.27 258.8073
2.28 256.9454
2.29 256.9454
2.30 256.9454
2.31 257.8747
2.32 258.8073
2.33 259.7434
2.34 261.6256
2.35 265.4310
2.36 266.3910
2.37 267.3544
2.38 267.3544
2.39 267.3544
2.40 266.3910
2.41 266.3910
2.42 265.4310
2.43 261.6256
2.44 258.8073
2.45 256.9454
2.46 256.9454
2.47 256.9454
2.48 256.9454
2.49 258.8073
2.50 259.7434
2.51 262.5718
2.52 265.4310
2.53 267.3544
2.54 267.3544
2.55 267.3544
2.56 266.3910
2.57 266.3910
2.58 266.3910
2.59 265.4310
2.60 262.5718
2.61 259.7434
2.62 259.7434
2.63 259.7434
2.64 259.7434
2.65 259.7434
2.66 261.6256
2.67 265.4310
2.68 266.3910
2.69 269.2918
2.70 269.2918
2.71 269.2918
2.72 269.2918
2.73 269.2918
2.74 266.3910
2.75 265.4310
2.76 262.5718
2.77 260.6828
2.78 259.7434
2.79 259.7434
2.80 259.7434
2.81 260.6828
2.82 262.5718
2.83 265.4310
2.84 266.3910
2.85 267.3544
2.86 267.3544
2.87 267.3544
2.88 267.3544
2.89 266.3910
2.90 266.3910
2.91 264.4745
2.92 261.6256
2.93 259.7434
2.94 259.7434
2.95 259.7434
2.96 259.7434
2.97 255.0969
2.98 0.0000
2.99 0.0000
3.00 0.0000
3.01 0.0000
3.02 0.0000
3.03 0.0000
3.04 0.0000
3.05 0.0000
3.06 0.0000
3.07 0.0000
3.08 0.0000
3.09 0.0000
3.10 0.0000
3.11 0.0000
3.12 0.0000
3.13 0.0000
3.14 0.0000
3.15 0.0000
3.16 0.0000
3.17 0.0000
3.18 0.0000
3.19 0.0000
3.20 0.0000
3.21 0.0000
3.22 0.0000
3.23 0.0000
3.24 0.0000
3.25 0.0000
3.26 0.0000
3.27 0.0000
3.28 0.0000
3.29 0.0000
3.30 0.0000
3.31 0.0000
3.32 0.0000
3.33 0.0000
3.34 0.0000
3.35 0.0000
3.36 0.0000
3.37 0.0000
3.38 0.0000
3.39 0.0000
3.40 0.0000
3.41 0.0000
3.42 0.0000
3.43 0.0000
3.44 0.0000
3.45 0.0000
3.46 0.0000
3.47 0.0000
3.48 0.0000
3.49 0.0000
3.50 0.0000
3.51 0.0000
3.52 0.0000
3.53 0.0000
3.54 0.0000
3.55 0.0000
3.56 0.0000
3.57 0.0000
3.58 0.0000
3.59 0.0000
3.60 0.0000
3.61 0.0000
3.62 0.0000
3.63 0.0000
3.64 0.0000
3.65 0.0000
3.66 0.0000
3.67 0.0000
3.68 0.0000
3.69 0.0000
3.70 0.0000
3.71 0.0000
3.72 0.0000
3.73 0.0000
3.74 0.0000
3.75 0.0000
3.76 0.0000
3.77 0.0000
3.78 0.0000
3.79 0.0000
3.80 0.0000
3.81 0.0000
3.82 0.0000
3.83 0.0000
3.84 0.0000
3.85 0.0000
3.86 0.0000
3.87 0.0000
3.88 0.0000
3.89 0.0000
3.90 0.0000
3.91 0.0000
3.92 0.0000
3.93 0.0000
3.94 0.0000
3.95 0.0000
3.96 0.0000
3.97 0.0000
3.98 0.0000
3.99 0.0000
4.00 0.0000
4.01 0.0000
4.02 0.0000
4.03 0.0000
4.04 0.0000
4.05 0.0000
4.06 0.0000
4.07 0.0000
4.08 0.0000
4.09 0.0000
4.10 0.0000
4.11 0.0000
4.12 0.0000
4.13 0.0000
4.14 0.0000
4.15 0.0000
4.16 0.0000
4.17 0.0000
4.18 0.0000
4.19 0.0000
4.20 0.0000
4.21 0.0000
4.22 188.3669
4.23 188.3669
4.24 189.0481
4.25 189.0481
4.26 189.0481
4.27 189.0481
4.28 189.0481
4.29 189.0481
4.30 189.7318
4.31 189.7318
4.32 191.1067
4.33 191.7979
4.34 192.4916
4.35 192.4916
4.36 193.8864
4.37 194.5877
4.38 194.5877
4.39 194.5877
4.40 194.5877
4.41 0.0000
4.42 0.0000
4.43 0.0000
4.44 0.0000
4.45 0.0000
4.46 0.0000
4.47 0.0000
4.48 0.0000
4.49 0.0000
4.50 0.0000
4.51 0.0000
4.52 0.0000
4.53 0.0000
4.54 0.0000
4.55 0.0000
4.56 0.0000
4.57 0.0000
4.58 0.0000
4.59 192.4916
4.60 192.4916
4.61 192.4916
4.62 191.7979
4.63 191.7979
4.64 191.7979
4.65 192.4916
4.66 192.4916
4.67 192.4916
4.68 192.4916
4.69 192.4916
4.70 192.4916
4.71 193.1877
4.72 193.1877
4.73 193.8864
4.74 193.8864
4.75 193.8864
4.76 193.8864
4.77 193.8864
4.78 193.8864
4.79 194.5877
4.80 194.5877
4.81 194.5877
4.82 194.5877
4.83 193.8864
4.84 193.8864
4.85 0.0000
4.86 0.0000
4.87 0.0000
4.88 0.0000
4.89 0.0000
4.90 0.0000
4.91 0.0000
4.92 0.0000
4.93 0.0000
4.94 233.0819
4.95 233.0819
4.96 233.0819
4.97 233.0819
4.98 233.0819
4.99 231.4050
5.00 228.9123
5.01 227.2655
5.02 226.4465
5.03 225.6305
5.04 225.6305
5.05 225.6305
5.06 225.6305
5.07 225.6305
5.08 225.6305
5.09 227.2655
5.10 228.9123
5.11 229.7402
5.12 229.7402
5.13 229.7402
5.14 229.7402
5.15 229.7402
5.16 229.7402
5.17 229.7402
5.18 228.0874
5.19 0.0000
5.20 0.0000
5.21 0.0000
5.22 0.0000
5.23 0.0000
5.24 0.0000
5.25 0.0000
5.26 0.0000
5.27 0.0000
5.28 0.0000
5.29 0.0000
5.30 0.0000
5.31 0.0000
5.32 0.0000
5.33 0.0000
5.34 0.0000
5.35 246.0518
5.36 248.7311
5.37 249.6307
5.38 250.5335
5.39 253.2616
5.40 254.1776
5.41 254.1776
5.42 255.0969
5.43 256.0195
5.44 256.9454
5.45 256.9454
5.46 257.8747
5.47 258.8073
5.48 259.7434
5.49 259.7434
5.50 259.7434
5.51 260.6828
5.52 260.6828
5.53 260.6828
5.54 259.7434
5.55 259.7434
5.56 259.7434
5.57 259.7434
5.58 259.7434
5.59 259.7434
5.60 259.7434
5.61 259.7434
5.62 259.7434
5.63 259.7434
5.64 259.7434
5.65 259.7434
5.66 259.7434
5.67 259.7434
5.68 260.6828
5.69 261.6256
5.70 262.5718
5.71 262.5718
5.72 263.5214
5.73 265.4310
5.74 278.1851
5.75 278.1851
5.76 291.5521
5.77 302.2698
5.78 303.3630
5.79 303.3630
5.80 303.3630
5.81 303.3630
5.82 302.2698
5.83 299.0138
5.84 296.8626
5.85 296.8626
5.86 296.8626
5.87 296.8626
5.88 297.9362
5.89 299.0138
5.90 302.2698
5.91 302.2698
5.92 302.2698
5.93 302.2698
5.94 302.2698
5.95 292.6065
5.96 290.5014
5.97 289.4546
5.98 278.1851
5.99 260.6828
6.00 259.7434
6.01 259.7434
6.02 259.7434
6.03 0.0000
6.04 0.0000
6.05 0.0000
6.06 0.0000
6.07 0.0000
6.08 0.0000
6.09 291.5521
6.10 303.3630
6.11 303.3630
6.12 304.4602
6.13 304.4602
6.14 304.4602
6.15 304.4602
6.16 304.4602
6.17 304.4602
6.18 304.4602
6.19 304.4602
6.20 307.7755
6.21 307.7755
6.22 310.0058
6.23 313.3815
6.24 317.9398
6.25 320.2437
6.26 326.0768
6.27 329.6276
6.28 332.0162
6.29 332.0162
6.30 332.0162
6.31 332.0162
6.32 330.8197
6.33 330.8197
6.34 330.8197
6.35 330.8197
6.36 329.6276
6.37 329.6276
6.38 329.6276
6.39 329.6276
6.40 329.6276
6.41 329.6276
6.42 329.6276
6.43 329.6276
6.44 329.6276
6.45 329.6276
6.46 329.6276
6.47 328.4397
6.48 328.4397
6.49 328.4397
6.50 329.6276
6.51 329.6276
6.52 329.6276
6.53 329.6276
6.54 329.6276
6.55 329.6276
6.56 329.6276
6.57 329.6276
6.58 329.6276
6.59 329.6276
6.60 329.6276
6.61 329.6276
6.62 329.6276
6.63 329.6276
6.64 328.4397
6.65 328.4397
6.66 328.4397
6.67 329.6276
6.68 329.6276
6.69 329.6276
6.70 329.6276
6.71 329.6276
6.72 329.6276
6.73 329.6276
6.74 329.6276
6.75 329.6276
6.76 329.6276
6.77 329.6276
6.78 329.6276
6.79 329.6276
6.80 329.6276
6.81 329.6276
6.82 329.6276
6.83 329.6276
6.84 329.6276
6.85 329.6276
6.86 329.6276
6.87 329.6276
6.88 329.6276
6.89 328.4397
6.90 328.4397
6.91 328.4397
6.92 328.4397
6.93 328.4397
6.94 328.4397
6.95 328.4397
6.96 328.4397
6.97 328.4397
6.98 329.6276
6.99 329.6276
7.00 329.6276
7.01 329.6276
7.02 329.6276
7.03 329.6276
7.04 329.6276
7.05 329.6276
7.06 329.6276
7.07 328.4397
7.08 328.4397
7.09 328.4397
7.10 328.4397
7.11 328.4397
7.12 327.2561
7.13 327.2561
7.14 327.2561
7.15 327.2561
7.16 327.2561
7.17 328.4397
7.18 328.4397
7.19 328.4397
7.20 328.4397
7.21 328.4397
7.22 328.4397
7.23 328.4397
7.24 328.4397
7.25 328.4397
7.26 328.4397
7.27 328.4397
7.28 328.4397
7.29 328.4397
7.30 328.4397
7.31 328.4397
7.32 328.4397
7.33 329.6276
7.34 329.6276
7.35 329.6276
7.36 329.6276
7.37 329.6276
7.38 329.6276
7.39 329.6276
7.40 329.6276
7.41 329.6276
7.42 328.4397
7.43 327.2561
7.44 326.0768
7.45 326.0768
7.46 326.0768
7.47 326.0768
7.48 330.8197
7.49 332.0162
7.50 349.2282
7.51 359.4614
7.52 360.7615
7.53 367.3326
7.54 367.3326
7.55 368.6611
7.56 369.9944
7.57 371.3326
7.58 371.3326
7.59 376.7337
7.60 382.2134
7.61 383.5958
7.62 391.9954
7.63 394.8360
7.64 397.6971
7.65 397.6971
7.66 397.6971
7.67 397.6971
7.68 396.2640
7.69 396.2640
7.70 396.2640
7.71 396.2640
7.72 396.2640
7.73 396.2640
7.74 396.2640
7.75 394.8360
7.76 394.8360
7.77 393.4132
7.78 387.7729
7.79 384.9831
7.80 0.0000
7.81 0.0000
7.82 0.0000
7.83 0.0000
7.84 0.0000
7.85 0.0000
7.86 0.0000
7.87 0.0000
7.88 0.0000
7.89 0.0000
7.90 0.0000
7.91 0.0000
7.92 0.0000
7.93 0.0000
7.94 0.0000
7.95 0.0000
7.96 0.0000
7.97 0.0000
7.98 0.0000
7.99 0.0000
8.00 0.0000
8.01 0.0000
8.02 0.0000
8.03 301.1805
8.04 301.1805
8.05 301.1805
8.06 301.1805
8.07 300.0952
8.08 299.0138
8.09 299.0138
8.10 299.0138
8.11 299.0138
8.12 301.1805
8.13 303.3630
8.14 307.7755
8.15 311.1270
8.16 317.9398
8.17 320.2437
8.18 323.7309
8.19 324.9018
8.20 324.9018
8.21 324.9018
8.22 324.9018
8.23 324.9018
8.24 324.9018
8.25 324.9018
8.26 324.9018
8.27 324.9018
8.28 323.7309
8.29 323.7309
8.30 320.2437
8.31 317.9398
8.32 310.0058
8.33 303.3630
8.34 290.5014
8.35 288.4115
8.36 288.4115
8.37 288.4115
8.38 288.4115
8.39 290.5014
8.40 291.5521
8.41 293.6648
8.42 293.6648
8.43 293.6648
8.44 293.6648
8.45 293.6648
8.46 292.6065
8.47 291.5521
8.48 291.5521
8.49 290.5014
8.50 288.4115
8.51 288.4115
8.52 287.3721
8.53 287.3721
8.54 287.3721
8.55 288.4115
8.56 288.4115
8.57 289.4546
8.58 290.5014
8.59 291.5521
8.60 294.7269
8.61 299.0138
8.62 301.1805
8.63 301.1805
8.64 301.1805
8.65 300.0952
8.66 299.0138
8.67 297.9362
8.68 292.6065
8.69 291.5521
8.70 289.4546
8.71 288.4115
8.72 287.3721
8.73 287.3721
8.74 287.3721
8.75 288.4115
8.76 289.4546
8.77 290.5014
8.78 293.6648
8.79 297.9362
8.80 297.9362
8.81 297.9362
8.82 297.9362
8.83 297.9362
8.84 297.9362
8.85 295.7928
8.86 293.6648
8.87 291.5521
8.88 290.5014
8.89 290.5014
8.90 290.5014
8.91 290.5014
8.92 290.5014
8.93 291.5521
8.94 292.6065
8.95 294.7269
8.96 295.7928
8.97 296.8626
8.98 297.9362
8.99 297.9362
9.00 297.9362
9.01 299.0138
9.02 299.0138
9.03 299.0138
9.04 299.0138
9.05 299.0138
9.06 297.9362
9.07 296.8626
9.08 295.7928
9.09 294.7269
9.10 293.6648
9.11 293.6648
9.12 293.6648
9.13 294.7269
9.14 294.7269
9.15 294.7269
9.16 294.7269
9.17 294.7269
9.18 294.7269
9.19 294.7269
9.20 294.7269
9.21 294.7269
9.22 293.6648
9.23 293.6648
9.24 293.6648
9.25 293.6648
9.26 293.6648
9.27 293.6648
9.28 293.6648
9.29 292.6065
9.30 0.0000
9.31 0.0000
9.32 0.0000
9.33 0.0000
9.34 0.0000
9.35 0.0000
9.36 0.0000
9.37 0.0000
9.38 0.0000
9.39 0.0000
9.40 0.0000
9.41 0.0000
9.42 0.0000
9.43 0.0000
9.44 0.0000
9.45 0.0000
9.46 0.0000
9.47 0.0000
9.48 0.0000
9.49 0.0000
9.50 0.0000
9.51 0.0000
9.52 0.0000
9.53 0.0000
9.54 0.0000
9.55 0.0000
9.56 0.0000
9.57 0.0000
9.58 0.0000
9.59 0.0000
9.60 0.0000
9.61 304.4602
9.62 304.4602
9.63 304.4602
9.64 304.4602
9.65 304.4602
9.66 304.4602
9.67 305.5613
9.68 306.6664
9.69 306.6664
9.70 307.7755
9.71 307.7755
9.72 308.8886
9.73 310.0058
9.74 311.1270
9.75 313.3815
9.76 316.7940
9.77 319.0897
9.78 320.2437
9.79 329.6276
9.80 333.2170
9.81 333.2170
9.82 333.2170
9.83 332.0162
9.84 332.0162
9.85 332.0162
9.86 330.8197
9.87 329.6276
9.88 328.4397
9.89 328.4397
9.90 328.4397
9.91 329.6276
9.92 329.6276
9.93 329.6276
9.94 329.6276
9.95 329.6276
9.96 329.6276
9.97 329.6276
9.98 329.6276
9.99 329.6276
10.00 329.6276
10.01 328.4397
10.02 323.7309
10.03 319.0897
10.04 303.3630
10.05 0.0000
10.06 0.0000
10.07 0.0000
10.08 0.0000
10.09 0.0000
10.10 0.0000
10.11 0.0000
10.12 0.0000
10.13 0.0000
10.14 0.0000
10.15 0.0000
10.16 0.0000
10.17 0.0000
10.18 0.0000
10.19 0.0000
10.20 0.0000
10.21 0.0000
10.22 0.0000
10.23 0.0000
10.24 0.0000
10.25 0.0000
10.26 0.0000
10.27 0.0000
10.28 0.0000
10.29 0.0000
10.30 0.0000
10.31 0.0000
10.32 0.0000
10.33 0.0000
10.34 0.0000
10.35 0.0000
10.36 0.0000
10.37 0.0000
10.38 0.0000
10.39 0.0000
10.40 0.0000
10.41 0.0000
10.42 0.0000
10.43 0.0000
10.44 0.0000
10.45 0.0000
10.46 0.0000
10.47 0.0000
10.48 0.0000
10.49 0.0000
10.50 0.0000
10.51 0.0000
10.52 0.0000
10.53 0.0000
10.54 0.0000
10.55 0.0000
10.56 0.0000
10.57 0.0000
10.58 0.0000
10.59 0.0000
10.60 0.0000
10.61 0.0000
10.62 0.0000
10.63 0.0000
10.64 0.0000
10.65 0.0000
10.66 0.0000
10.67 0.0000
10.68 0.0000
10.69 0.0000
10.70 0.0000
10.71 0.0000
10.72 0.0000
10.73 0.0000
10.74 0.0000
10.75 0.0000
10.76 0.0000
10.77 0.0000
10.78 0.0000
10.79 0.0000
10.80 0.0000
10.81 0.0000
10.82 0.0000
10.83 0.0000
10.84 0.0000
10.85 0.0000
10.86 0.0000
10.87 0.0000
10.88 0.0000
10.89 0.0000
10.90 0.0000
10.91 0.0000
10.92 0.0000
10.93 0.0000
10.94 0.0000
10.95 0.0000
10.96 0.0000
10.97 0.0000
10.98 0.0000
10.99 0.0000
11.00 0.0000
11.01 0.0000
11.02 0.0000
11.03 0.0000
11.04 0.0000
11.05 0.0000
11.06 0.0000
11.07 0.0000
11.08 0.0000
11.09 0.0000
11.10 0.0000
11.11 0.0000
11.12 0.0000
11.13 0.0000
11.14 0.0000
11.15 0.0000
11.16 0.0000
11.17 0.0000
11.18 0.0000
11.19 0.0000
11.20 0.0000
11.21 0.0000
11.22 0.0000
11.23 0.0000
11.24 0.0000
11.25 0.0000
11.26 0.0000
11.27 0.0000
11.28 0.0000
11.29 0.0000
11.30 0.0000
11.31 304.4602
11.32 304.4602
11.33 304.4602
11.34 302.2698
11.35 301.1805
11.36 300.0952
11.37 300.0952
11.38 300.0952
11.39 301.1805
11.40 301.1805
11.41 301.1805
11.42 301.1805
11.43 301.1805
11.44 299.0138
11.45 291.5521
11.46 290.5014
11.47 272.2242
11.48 266.3910
11.49 266.3910
11.50 261.6256
11.51 260.6828
11.52 260.6828
11.53 260.6828
11.54 260.6828
11.55 265.4310
11.56 271.2432
11.57 273.2087
11.58 273.2087
11.59 273.2087
11.60 273.2087
11.61 273.2087
11.62 272.2242
11.63 271.2432
11.64 271.2432
11.65 270.2657
11.66 266.3910
11.67 265.4310
11.68 263.5214
11.69 262.5718
11.70 262.5718
11.71 262.5718
11.72 262.5718
11.73 263.5214
11.74 265.4310
11.75 266.3910
11.76 271.2432
11.77 272.2242
11.78 273.2087
11.79 273.2087
11.80 273.2087
11.81 273.2087
11.82 271.2432
11.83 270.2657
11.84 265.4310
11.85 261.6256
11.86 260.6828
11.87 260.6828
11.88 260.6828
11.89 260.6828
11.90 261.6256
11.91 262.5718
11.92 265.4310
11.93 270.2657
11.94 272.2242
11.95 272.2242
11.96 272.2242
11.97 272.2242
11.98 272.2242
11.99 272.2242
12.00 270.2657
12.01 266.3910
12.02 264.4745
12.03 262.5718
12.04 262.5718
12.05 262.5718
12.06 262.5718
12.07 262.5718
12.08 263.5214
12.09 266.3910
12.10 266.3910
12.11 267.3544
12.12 267.3544
12.13 267.3544
12.14 267.3544
12.15 266.3910
12.16 266.3910
12.17 265.4310
12.18 263.5214
12.19 262.5718
12.20 262.5718
12.21 262.5718
12.22 262.5718
12.23 262.5718
12.24 263.5214
12.25 263.5214
12.26 263.5214
12.27 263.5214
12.28 263.5214
12.29 263.5214
12.30 263.5214
12.31 263.5214
12.32 263.5214
12.33 263.5214
12.34 263.5214
12.35 263.5214
12.36 263.5214
12.37 262.5718
12.38 0.0000
12.39 0.0000
12.40 0.0000
12.41 0.0000
12.42 0.0000
12.43 232.2419
12.44 232.2419
12.45 232.2419
12.46 232.2419
12.47 232.2419
12.48 232.2419
12.49 232.2419
12.50 232.2419
12.51 232.2419
12.52 232.2419
12.53 0.0000
12.54 0.0000
12.55 0.0000
12.56 0.0000
12.57 0.0000
12.58 0.0000
12.59 0.0000
12.60 0.0000
12.61 0.0000
12.62 0.0000
12.63 0.0000
12.64 0.0000
12.65 0.0000
12.66 0.0000
12.67 0.0000
12.68 0.0000
12.69 0.0000
12.70 0.0000
12.71 0.0000
12.72 0.0000
12.73 0.0000
12.74 0.0000
12.75 0.0000
12.76 0.0000
12.77 0.0000
12.78 0.0000
12.79 0.0000
12.80 0.0000
12.81 0.0000
12.82 0.0000
12.83 0.0000
12.84 0.0000
12.85 0.0000
12.86 0.0000
12.87 0.0000
12.88 0.0000
12.89 0.0000
12.90 0.0000
12.91 0.0000
12.92 0.0000
12.93 0.0000
12.94 0.0000
12.95 0.0000
12.96 0.0000
12.97 0.0000
12.98 0.0000
12.99 0.0000
13.00 0.0000
13.01 0.0000
13.02 0.0000
13.03 0.0000
13.04 0.0000
13.05 0.0000
13.06 0.0000
13.07 0.0000
13.08 0.0000
13.09 0.0000
13.10 0.0000
13.11 0.0000
13.12 0.0000
13.13 0.0000
13.14 0.0000
13.15 0.0000
13.16 0.0000
13.17 0.0000
13.18 0.0000
13.19 0.0000
13.20 0.0000
13.21 0.0000
13.22 0.0000
13.23 0.0000
13.24 0.0000
13.25 0.0000
13.26 0.0000
13.27 0.0000
13.28 0.0000
13.29 0.0000
13.30 0.0000
13.31 0.0000
13.32 0.0000
13.33 0.0000
13.34 0.0000
13.35 0.0000
13.36 0.0000
13.37 0.0000
13.38 0.0000
13.39 0.0000
13.40 0.0000
13.41 0.0000
13.42 0.0000
13.43 0.0000
13.44 0.0000
13.45 0.0000
13.46 0.0000
13.47 0.0000
13.48 0.0000
13.49 0.0000
13.50 0.0000
13.51 0.0000
13.52 0.0000
13.53 0.0000
13.54 0.0000
13.55 0.0000
13.56 0.0000
13.57 0.0000
13.58 0.0000
13.59 0.0000
13.60 0.0000
13.61 0.0000
13.62 0.0000
13.63 0.0000
13.64 0.0000
13.65 0.0000
13.66 0.0000
13.67 0.0000
13.68 0.0000
13.69 0.0000
13.70 0.0000
13.71 0.0000
13.72 0.0000
13.73 0.0000
13.74 0.0000
13.75 0.0000
13.76 0.0000
13.77 0.0000
13.78 0.0000
13.79 0.0000
13.80 0.0000
13.81 0.0000
13.82 0.0000
13.83 0.0000
13.84 0.0000
13.85 0.0000
13.86 0.0000
13.87 0.0000
13.88 0.0000
13.89 0.0000
13.90 0.0000
13.91 0.0000
13.92 0.0000
13.93 0.0000
13.94 0.0000
13.95 0.0000
13.96 0.0000
13.97 0.0000
13.98 0.0000
13.99 0.0000
14.00 0.0000
14.01 0.0000
14.02 0.0000
14.03 0.0000
14.04 0.0000
14.05 0.0000
14.06 0.0000
14.07 0.0000
14.08 0.0000
14.09 0.0000
14.10 0.0000
14.11 0.0000
14.12 0.0000
14.13 0.0000
14.14 0.0000
14.15 0.0000
14.16 0.0000
14.17 0.0000
14.18 0.0000
14.19 297.9362
14.20 297.9362
14.21 297.9362
14.22 297.9362
14.23 297.9362
14.24 299.0138
14.25 300.0952
14.26 302.2698
14.27 303.3630
14.28 303.3630
14.29 311.1270
14.30 317.9398
14.31 322.5643
14.32 326.0768
14.33 326.0768
14.34 326.0768
14.35 326.0768
14.36 326.0768
14.37 326.0768
14.38 326.0768
14.39 326.0768
14.40 326.0768
14.41 326.0768
14.42 326.0768
14.43 326.0768
14.44 326.0768
14.45 326.0768
14.46 326.0768
14.47 326.0768
14.48 319.0897
14.49 319.0897
14.50 310.0058
14.51 303.3630
14.52 300.0952
14.53 290.5014
14.54 266.3910
14.55 266.3910
14.56 266.3910
14.57 0.0000
14.58 0.0000
14.59 0.0000
14.60 0.0000
14.61 0.0000
14.62 0.0000
14.63 0.0000
14.64 0.0000
14.65 259.7434
14.66 259.7434
14.67 259.7434
14.68 259.7434
14.69 259.7434
14.70 259.7434
14.71 259.7434
14.72 259.7434
14.73 259.7434
14.74 259.7434
14.75 259.7434
14.76 259.7434
14.77 259.7434
14.78 259.7434
14.79 259.7434
14.80 259.7434
14.81 259.7434
14.82 258.8073
14.83 258.8073
14.84 254.1776
14.85 249.6307
14.86 249.6307
14.87 0.0000
14.88 0.0000
14.89 0.0000
14.90 0.0000
14.91 0.0000
14.92 0.0000
14.93 0.0000
14.94 0.0000
14.95 0.0000
14.96 0.0000
14.97 0.0000
14.98 0.0000
14.99 0.0000
15.00 0.0000
15.01 0.0000
15.02 0.0000
15.03 0.0000
15.04 0.0000
15.05 0.0000
15.06 0.0000
15.07 0.0000
15.08 0.0000
15.09 0.0000
15.10 0.0000
15.11 0.0000
15.12 0.0000
15.13 0.0000
15.14 0.0000
15.15 0.0000
15.16 0.0000
15.17 0.0000
15.18 0.0000
15.19 232.2419
15.20 232.2419
15.21 232.2419
15.22 228.0874
15.23 227.2655
15.24 226.4465
15.25 226.4465
15.26 226.4465
15.27 226.4465
15.28 226.4465
15.29 227.2655
15.30 228.0874
15.31 228.0874
15.32 228.9123
15.33 228.9123
15.34 228.9123
15.35 228.9123
15.36 228.9123
15.37 228.9123
15.38 228.9123
15.39 228.9123
15.40 228.9123
15.41 230.5711
15.42 231.4050
15.43 232.2419
15.44 233.0819
15.45 233.0819
15.46 249.6307
15.47 260.6828
15.48 263.5214
15.49 263.5214
15.50 264.4745
15.51 264.4745
15.52 264.4745
15.53 263.5214
15.54 262.5718
15.55 262.5718
15.56 261.6256
15.57 260.6828
15.58 259.7434
15.59 259.7434
15.60 259.7434
15.61 259.7434
15.62 259.7434
15.63 259.7434
15.64 259.7434
15.65 261.6256
15.66 262.5718
15.67 265.4310
15.68 266.3910
15.69 267.3544
15.70 267.3544
15.71 267.3544
15.72 266.3910
15.73 266.3910
15.74 265.4310
15.75 264.4745
15.76 263.5214
15.77 261.6256
15.78 259.7434
15.79 259.7434
15.80 259.7434
15.81 259.7434
15.82 259.7434
15.83 259.7434
15.84 260.6828
15.85 262.5718
15.86 265.4310
15.87 268.3214
15.88 269.2918
15.89 269.2918
15.90 269.2918
15.91 269.2918
15.92 268.3214
15.93 266.3910
15.94 265.4310
15.95 263.5214
15.96 262.5718
15.97 260.6828
15.98 259.7434
15.99 259.7434
16.00 259.7434
16.01 260.6828
16.02 262.5718
16.03 264.4745
16.04 266.3910
16.05 266.3910
16.06 267.3544
16.07 267.3544
16.08 267.3544
16.09 267.3544
16.10 266.3910
16.11 266.3910
16.12 265.4310
16.13 263.5214
16.14 262.5718
16.15 259.7434
16.16 259.7434
16.17 259.7434
16.18 259.7434
16.19 259.7434
16.20 260.6828
16.21 262.5718
16.22 265.4310
16.23 266.3910
16.24 269.2918
16.25 269.2918
16.26 269.2918
16.27 269.2918
16.28 269.2918
16.29 266.3910
16.30 266.3910
16.31 262.5718
16.32 260.6828
16.33 259.7434
16.34 259.7434
16.35 259.7434
16.36 259.7434
16.37 259.7434
16.38 259.7434
16.39 260.6828
16.40 262.5718
16.41 263.5214
16.42 264.4745
16.43 265.4310
16.44 265.4310
16.45 265.4310
16.46 264.4745
16.47 264.4745
16.48 262.5718
16.49 260.6828
16.50 258.8073
16.51 256.9454
16.52 256.9454
16.53 256.9454
16.54 257.8747
16.55 257.8747
16.56 258.8073
16.57 259.7434
16.58 263.5214
16.59 265.4310
16.60 265.4310
16.61 265.4310
16.62 265.4310
16.63 264.4745
16.64 0.0000
16.65 0.0000
16.66 0.0000
16.67 0.0000
16.68 0.0000
16.69 0.0000
16.70 0.0000
16.71 0.0000
16.72 0.0000
16.73 0.0000
16.74 0.0000
16.75 0.0000
16.76 0.0000
16.77 0.0000
16.78 0.0000
16.79 0.0000
16.80 0.0000
16.81 0.0000
16.82 0.0000
16.83 0.0000
16.84 0.0000
16.85 0.0000
16.86 0.0000
16.87 0.0000
16.88 0.0000
16.89 0.0000
16.90 0.0000
16.91 0.0000
16.92 0.0000
16.93 0.0000
16.94 0.0000
16.95 0.0000
16.96 0.0000
16.97 0.0000
16.98 0.0000
16.99 0.0000
17.00 0.0000
17.01 0.0000
17.02 0.0000
17.03 0.0000
17.04 0.0000
17.05 0.0000
17.06 0.0000
17.07 0.0000
17.08 0.0000
17.09 0.0000
17.10 0.0000
17.11 0.0000
17.12 0.0000
17.13 0.0000
17.14 0.0000
17.15 0.0000
17.16 0.0000
17.17 0.0000
17.18 0.0000
17.19 0.0000
17.20 0.0000
17.21 0.0000
17.22 0.0000
17.23 0.0000
17.24 0.0000
17.25 0.0000
17.26 0.0000
17.27 0.0000
17.28 0.0000
17.29 0.0000
17.30 0.0000
17.31 0.0000
17.32 0.0000
17.33 0.0000
17.34 0.0000
17.35 0.0000
17.36 0.0000
17.37 0.0000
17.38 0.0000
17.39 0.0000
17.40 0.0000
17.41 0.0000
17.42 0.0000
17.43 0.0000
17.44 0.0000
17.45 0.0000
17.46 0.0000
17.47 0.0000
17.48 0.0000
17.49 0.0000
17.50 0.0000
17.51 0.0000
17.52 0.0000
17.53 0.0000
17.54 0.0000
17.55 0.0000
17.56 0.0000
17.57 0.0000
17.58 0.0000
17.59 0.0000
17.60 0.0000
17.61 0.0000
17.62 0.0000
17.63 0.0000
17.64 0.0000
17.65 0.0000
17.66 0.0000
17.67 0.0000
17.68 0.0000
17.69 0.0000
17.70 0.0000
17.71 0.0000
17.72 0.0000
17.73 0.0000
17.74 0.0000
17.75 0.0000
17.76 0.0000
17.77 0.0000
17.78 0.0000
17.79 0.0000
17.80 0.0000
17.81 0.0000
17.82 0.0000
17.83 0.0000
17.84 0.0000
17.85 0.0000
17.86 393.4132
17.87 393.4132
17.88 393.4132
17.89 393.4132
17.90 393.4132
17.91 393.4132
17.92 393.4132
17.93 393.4132
17.94 393.4132
17.95 393.4132
17.96 393.4132
17.97 393.4132
17.98 0.0000
17.99 0.0000
18.00 0.0000
18.01 0.0000
18.02 0.0000
18.03 0.0000
18.04 0.0000
18.05 0.0000
18.06 0.0000
18.07 0.0000
18.08 0.0000
18.09 0.0000
18.10 0.0000
18.11 0.0000
18.12 0.0000
18.13 0.0000
18.14 0.0000
18.15 0.0000
18.16 0.0000
18.17 0.0000
18.18 441.5913
18.19 441.5913
18.20 441.5913
18.21 441.5913
18.22 441.5913
18.23 441.5913
18.24 441.5913
18.25 441.5913
18.26 441.5913
18.27 0.0000
18.28 0.0000
18.29 0.0000
18.30 0.0000
18.31 0.0000
18.32 0.0000
18.33 0.0000
18.34 0.0000
18.35 0.0000
18.36 0.0000
18.37 0.0000
18.38 0.0000
18.39 0.0000
18.40 0.0000
18.41 0.0000
18.42 0.0000
18.43 0.0000
18.44 0.0000
18.45 0.0000
18.46 0.0000
18.47 0.0000
18.48 0.0000
18.49 0.0000
18.50 0.0000
18.51 0.0000
18.52 0.0000
18.53 0.0000
18.54 0.0000
18.55 0.0000
18.56 0.0000
18.57 0.0000
18.58 0.0000
18.59 0.0000
18.60 0.0000
18.61 0.0000
18.62 0.0000
18.63 0.0000
18.64 0.0000
18.65 0.0000
18.66 0.0000
18.67 0.0000
18.68 0.0000
18.69 0.0000
18.70 0.0000
18.71 0.0000
18.72 0.0000
18.73 0.0000
18.74 0.0000
18.75 0.0000
18.76 0.0000
18.77 200.2895
18.78 206.9040
18.79 207.6523
18.80 211.4347
18.81 212.1993
18.82 215.2859
18.83 216.8459
18.84 217.6302
18.85 220.0000
18.86 220.7957
18.87 221.5942
18.88 222.3956
18.89 222.3956
18.90 223.2000
18.91 224.8174
18.92 224.8174
18.93 225.6305
18.94 226.4465
18.95 226.4465
18.96 230.5711
18.97 232.2419
18.98 233.9249
18.99 237.3274
19.00 239.9117
19.01 241.6502
19.02 243.4013
19.03 244.2816
19.04 246.0518
19.05 246.0518
19.06 246.0518
19.07 246.0518
19.08 245.1651
19.09 245.1651
19.10 245.1651
19.11 245.1651
19.12 246.0518
19.13 246.0518
19.14 246.0518
19.15 246.9417
19.16 247.8348
19.17 247.8348
19.18 247.8348
19.19 247.8348
19.20 247.8348
19.21 247.8348
19.22 247.8348
19.23 247.8348
19.24 247.8348
19.25 247.8348
19.26 247.8348
19.27 247.8348
19.28 246.9417
19.29 246.9417
19.30 246.9417
19.31 246.9417
19.32 247.8348
19.33 247.8348
19.34 247.8348
19.35 247.8348
19.36 247.8348
19.37 247.8348
19.38 247.8348
19.39 247.8348
19.40 247.8348
19.41 247.8348
19.42 247.8348
19.43 247.8348
19.44 247.8348
19.45 247.8348
19.46 247.8348
19.47 247.8348
19.48 247.8348
19.49 247.8348
19.50 247.8348
19.51 247.8348
19.52 248.7311
19.53 249.6307
19.54 249.6307
19.55 249.6307
19.56 249.6307
19.57 249.6307
19.58 249.6307
19.59 249.6307
19.60 249.6307
19.61 249.6307
19.62 249.6307
19.63 248.7311
19.64 248.7311
19.65 248.7311
19.66 248.7311
19.67 248.7311
19.68 248.7311
19.69 248.7311
19.70 248.7311
19.71 248.7311
19.72 248.7311
19.73 248.7311
19.74 248.7311
19.75 0.0000
19.76 0.0000
19.77 0.0000
19.78 0.0000
19.79 0.0000
19.80 0.0000
19.81 0.0000
19.82 0.0000
19.83 0.0000
19.84 0.0000
19.85 0.0000
19.86 0.0000
19.87 0.0000
19.88 0.0000
19.89 0.0000
19.90 0.0000
19.91 0.0000
19.92 0.0000
19.93 219.2072
19.94 219.2072
19.95 219.2072
19.96 218.4173
19.97 218.4173
19.98 218.4173
19.99 218.4173
20.00 218.4173
20.01 217.6302
20.02 217.6302
20.03 217.6302
20.04 217.6302
20.05 217.6302
20.06 217.6302
20.07 217.6302
20.08 217.6302
20.09 216.8459
20.10 216.8459
20.11 216.8459
20.12 216.8459
20.13 216.8459
20.14 216.8459
20.15 216.8459
20.16 216.8459
20.17 216.8459
20.18 216.8459
20.19 216.8459
20.20 216.8459
20.21 216.8459
20.22 216.8459
20.23 216.8459
20.24 216.8459
20.25 216.8459
20.26 216.8459
20.27 217.6302
20.28 217.6302
20.29 217.6302
20.30 217.6302
20.31 217.6302
20.32 217.6302
20.33 217.6302
20.34 217.6302
20.35 217.6302
20.36 217.6302
20.37 217.6302
20.38 217.6302
20.39 217.6302
20.40 217.6302
20.41 217.6302
20.42 217.6302
20.43 218.4173
20.44 219.2072
20.45 219.2072
20.46 220.0000
20.47 220.0000
20.48 220.7957
20.49 220.7957
20.50 220.7957
20.51 220.7957
20.52 220.7957
20.53 220.7957
20.54 221.5942
20.55 221.5942
20.56 223.2000
20.57 224.8174
20.58 225.6305
20.59 231.4050
20.60 233.0819
20.61 239.9117
20.62 243.4013
20.63 246.0518
20.64 246.9417
20.65 246.9417
20.66 246.9417
20.67 246.0518
20.68 246.0518
20.69 246.0518
20.70 246.0518
20.71 247.8348
20.72 248.7311
20.73 248.7311
20.74 250.5335
20.75 250.5335
20.76 250.5335
20.77 250.5335
20.78 250.5335
20.79 250.5335
20.80 249.6307
20.81 249.6307
20.82 248.7311
20.83 248.7311
20.84 247.8348
20.85 247.8348
20.86 247.8348
20.87 247.8348
20.88 247.8348
20.89 247.8348
20.90 247.8348
20.91 248.7311
20.92 248.7311
20.93 249.6307
20.94 255.0969
20.95 263.5214
20.96 264.4745
20.97 264.4745
20.98 264.4745
20.99 264.4745
21.00 263.5214
21.01 263.5214
21.02 263.5214
21.03 263.5214
21.04 263.5214
21.05 263.5214
21.06 263.5214
21.07 263.5214
21.08 263.5214
21.09 264.4745
21.10 264.4745
21.11 264.4745
21.12 265.4310
21.13 265.4310
21.14 265.4310
21.15 264.4745
21.16 263.5214
21.17 262.5718
21.18 262.5718
21.19 262.5718
21.20 261.6256
21.21 261.6256
21.22 261.6256
21.23 261.6256
21.24 261.6256
21.25 262.5718
21.26 262.5718
21.27 263.5214
21.28 263.5214
21.29 263.5214
21.30 265.4310
21.31 266.3910
21.32 272.2242
21.33 278.1851
21.34 287.3721
21.35 291.5521
21.36 296.8626
21.37 297.9362
21.38 297.9362
21.39 297.9362
21.40 297.9362
21.41 296.8626
21.42 292.6065
21.43 291.5521
21.44 291.5521
21.45 291.5521
21.46 292.6065
21.47 292.6065
21.48 294.7269
21.49 297.9362
21.50 300.0952
21.51 303.3630
21.52 303.3630
21.53 303.3630
21.54 303.3630
21.55 303.3630
21.56 303.3630
21.57 302.2698
21.58 301.1805
21.59 299.0138
21.60 297.9362
21.61 294.7269
21.62 294.7269
21.63 294.7269
21.64 296.8626
21.65 302.2698
21.66 303.3630
21.67 319.0897
21.68 332.0162
21.69 333.2170
21.70 336.8455
21.71 336.8455
21.72 336.8455
21.73 335.6316
21.74 333.2170
21.75 332.0162
21.76 329.6276
21.77 328.4397
21.78 328.4397
21.79 328.4397
21.80 329.6276
21.81 330.8197
21.82 332.0162
21.83 332.0162
21.84 332.0162
21.85 332.0162
21.86 332.0162
21.87 332.0162
21.88 330.8197
21.89 330.8197
21.90 330.8197
21.91 329.6276
21.92 328.4397
21.93 326.0768
21.94 323.7309
21.95 319.0897
21.96 311.1270
21.97 308.8886
21.98 308.8886
21.99 308.8886
22.00 311.1270
22.01 319.0897
22.02 319.0897
22.03 323.7309
22.04 332.0162
22.05 367.3326
22.06 367.3326
22.07 384.9831
22.08 393.4132
22.09 400.5790
22.10 406.4056
22.11 406.4056
22.12 406.4056
22.13 406.4056
22.14 406.4056
22.15 406.4056
22.16 407.8754
22.17 409.3506
22.18 416.8067
22.19 416.8067
22.20 424.3987
22.21 430.5717
22.22 432.1289
22.23 440.0000
22.24 441.5913
22.25 443.1884
22.26 443.1884
22.27 443.1884
22.28 443.1884
22.29 441.5913
22.30 441.5913
22.31 441.5913
22.32 440.0000
22.33 440.0000
22.34 440.0000
22.35 440.0000
22.36 440.0000
22.37 440.0000
22.38 440.0000
22.39 441.5913
22.40 441.5913
22.41 441.5913
22.42 441.5913
22.43 441.5913
22.44 443.1884
22.45 443.1884
22.46 443.1884
22.47 441.5913
22.48 441.5913
22.49 441.5913
22.50 441.5913
22.51 441.5913
22.52 440.0000
22.53 440.0000
22.54 440.0000
22.55 440.0000
22.56 440.0000
22.57 440.0000
22.58 440.0000
22.59 441.5913
22.60 441.5913
22.61 441.5913
22.62 441.5913
22.63 443.1884
22.64 443.1884
22.65 443.1884
22.66 443.1884
22.67 443.1884
22.68 443.1884
22.69 443.1884
22.70 443.1884
22.71 443.1884
22.72 443.1884
22.73 443.1884
22.74 441.5913
22.75 441.5913
22.76 441.5913
22.77 441.5913
22.78 441.5913
22.79 441.5913
22.80 441.5913
22.81 443.1884
22.82 443.1884
22.83 443.1884
22.84 443.1884
22.85 443.1884
22.86 443.1884
22.87 441.5913
22.88 440.0000
22.89 438.4144
22.90 432.1289
22.91 424.3987
22.92 416.8067
22.93 416.8067
22.94 416.8067
22.95 416.8067
22.96 416.8067
22.97 418.3142
22.98 418.3142
22.99 418.3142
23.00 418.3142
23.01 418.3142
23.02 418.3142
23.03 418.3142
23.04 418.3142
23.05 418.3142
23.06 418.3142
23.07 418.3142
23.08 418.3142
23.09 418.3142
23.10 418.3142
23.11 424.3987
23.12 425.9336
23.13 430.5717
23.14 432.1289
23.15 440.0000
23.16 440.0000
23.17 441.5913
23.18 441.5913
23.19 441.5913
23.20 441.5913
23.21 441.5913
23.22 441.5913
23.23 441.5913
23.24 441.5913
23.25 441.5913
23.26 441.5913
23.27 440.0000
23.28 438.4144
23.29 436.8345
23.30 415.3047
23.31 0.0000
23.32 0.0000
23.33 0.0000
23.34 0.0000
23.35 0.0000
23.36 0.0000
23.37 0.0000
23.38 0.0000
23.39 0.0000
23.40 0.0000
23.41 0.0000
23.42 0.0000
23.43 0.0000
23.44 0.0000
23.45 0.0000
23.46 0.0000
23.47 0.0000
23.48 333.2170
23.49 341.7450
23.50 345.4663
23.51 346.7158
23.52 346.7158
23.53 346.7158
23.54 346.7158
23.55 345.4663
23.56 342.9810
23.57 341.7450
23.58 340.5135
23.59 338.0637
23.60 338.0637
23.61 338.0637
23.62 339.2864
23.63 340.5135
23.64 341.7450
23.65 342.9810
23.66 347.9697
23.67 350.4913
23.68 353.0311
23.69 353.0311
23.70 353.0311
23.71 353.0311
23.72 351.7589
23.73 349.2282
23.74 341.7450
23.75 336.8455
23.76 335.6316
23.77 335.6316
23.78 335.6316
23.79 336.8455
23.80 341.7450
23.81 349.2282
23.82 350.4913
23.83 350.4913
23.84 350.4913
23.85 350.4913
23.86 350.4913
23.87 350.4913
23.88 335.6316
23.89 335.6316
23.90 335.6316
23.91 335.6316
23.92 335.6316
23.93 335.6316
23.94 336.8455
23.95 336.8455
23.96 341.7450
23.97 341.7450
23.98 345.4663
23.99 346.7158
24.00 346.7158
24.01 346.7158
24.02 0.0000
24.03 0.0000
24.04 0.0000
24.05 0.0000
24.06 0.0000
24.07 0.0000
24.08 0.0000
24.09 0.0000
24.10 0.0000
24.11 0.0000
24.12 0.0000
24.13 0.0000
24.14 0.0000
24.15 0.0000
24.16 0.0000
24.17 0.0000
24.18 0.0000
24.19 0.0000
24.20 0.0000
24.21 0.0000
24.22 0.0000
24.23 0.0000
24.24 0.0000
24.25 0.0000
24.26 0.0000
24.27 0.0000
24.28 0.0000
24.29 0.0000
24.30 0.0000
24.31 0.0000
24.32 0.0000
24.33 0.0000
24.34 0.0000
24.35 0.0000
24.36 0.0000
24.37 0.0000
24.38 0.0000
24.39 0.0000
24.40 0.0000
24.41 0.0000
24.42 0.0000
24.43 0.0000
24.44 0.0000
24.45 0.0000
24.46 0.0000
24.47 0.0000
24.48 0.0000
24.49 0.0000
24.50 0.0000
24.51 0.0000
24.52 0.0000
24.53 0.0000
24.54 0.0000
24.55 0.0000
24.56 0.0000
24.57 0.0000
24.58 0.0000
24.59 0.0000
24.60 0.0000
24.61 0.0000
24.62 0.0000
24.63 0.0000
24.64 0.0000
24.65 0.0000
24.66 0.0000
24.67 0.0000
24.68 0.0000
24.69 0.0000
24.70 0.0000
24.71 0.0000
24.72 0.0000
24.73 0.0000
24.74 0.0000
24.75 0.0000
24.76 0.0000
24.77 367.3326
24.78 367.3326
24.79 384.9831
24.80 393.4132
24.81 394.8360
24.82 400.5790
24.83 402.0278
24.84 402.0278
24.85 403.4818
24.86 404.9410
24.87 406.4056
24.88 409.3506
24.89 416.8067
24.90 424.3987
24.91 429.0201
24.92 432.1289
24.93 438.4144
24.94 443.1884
24.95 443.1884
24.96 443.1884
24.97 443.1884
24.98 441.5913
24.99 440.0000
25.00 440.0000
25.01 440.0000
25.02 440.0000
25.03 440.0000
25.04 438.4144
25.05 436.8345
25.06 436.8345
25.07 435.2603
25.08 432.1289
25.09 427.4741
25.10 424.3987
25.11 419.8271
25.12 419.8271
25.13 418.3142
25.14 418.3142
25.15 418.3142
25.16 418.3142
25.17 418.3142
25.18 418.3142
25.19 418.3142
25.20 418.3142
25.21 418.3142
25.22 418.3142
25.23 418.3142
25.24 418.3142
25.25 418.3142
25.26 418.3142
25.27 418.3142
25.28 418.3142
25.29 418.3142
25.30 418.3142
25.31 416.8067
25.32 415.3047
25.33 410.8310
25.34 0.0000
25.35 0.0000
25.36 0.0000
25.37 0.0000
25.38 0.0000
25.39 0.0000
25.40 0.0000
25.41 0.0000
25.42 0.0000
25.43 0.0000
25.44 0.0000
25.45 0.0000
25.46 0.0000
25.47 0.0000
25.48 0.0000
25.49 0.0000
25.50 0.0000
25.51 0.0000
25.52 0.0000
25.53 0.0000
25.54 0.0000
25.55 0.0000
25.56 0.0000
25.57 0.0000
25.58 432.1289
25.59 432.1289
25.60 432.1289
25.61 432.1289
25.62 432.1289
25.63 432.1289
25.64 432.1289
25.65 432.1289
25.66 0.0000
25.67 0.0000
25.68 0.0000
25.69 0.0000
25.70 0.0000
25.71 0.0000
25.72 0.0000
25.73 0.0000
25.74 0.0000
25.75 0.0000
25.76 0.0000
25.77 0.0000
25.78 0.0000
25.79 0.0000
25.80 0.0000
25.81 0.0000
25.82 0.0000
25.83 0.0000
25.84 0.0000
25.85 330.8197
25.86 330.8197
25.87 330.8197
25.88 330.8197
25.89 330.8197
25.90 330.8197
25.91 329.6276
25.92 328.4397
25.93 327.2561
25.94 327.2561
25.95 327.2561
25.96 327.2561
25.97 327.2561
25.98 328.4397
25.99 329.6276
26.00 330.8197
26.01 332.0162
26.02 336.8455
26.03 339.2864
26.04 339.2864
26.05 339.2864
26.06 338.0637
26.07 336.8455
26.08 335.6316
26.09 332.0162
26.10 326.0768
26.11 324.9018
26.12 322.5643
26.13 322.5643
26.14 322.5643
26.15 323.7309
26.16 326.0768
26.17 329.6276
26.18 332.0162
26.19 336.8455
26.20 336.8455
26.21 336.8455
26.22 336.8455
26.23 336.8455
26.24 335.6316
26.25 333.2170
26.26 332.0162
26.27 328.4397
26.28 327.2561
26.29 327.2561
26.30 327.2561
26.31 328.4397
26.32 330.8197
26.33 333.2170
26.34 335.6316
26.35 335.6316
26.36 335.6316
26.37 335.6316
26.38 335.6316
26.39 334.4221
26.40 333.2170
26.41 332.0162
26.42 332.0162
26.43 332.0162
26.44 330.8197
26.45 330.8197
26.46 330.8197
26.47 328.4397
26.48 326.0768
26.49 319.0897
26.50 311.1270
26.51 303.3630
26.52 299.0138
26.53 299.0138
26.54 297.9362
26.55 297.9362
26.56 297.9362
26.57 297.9362
26.58 296.8626
26.59 293.6648
26.60 291.5521
26.61 291.5521
26.62 291.5521
26.63 0.0000
26.64 0.0000
26.65 0.0000
26.66 0.0000
26.67 0.0000
26.68 0.0000
26.69 0.0000
26.70 0.0000
26.71 0.0000
26.72 0.0000
26.73 0.0000
26.74 0.0000
26.75 0.0000
26.76 0.0000
26.77 0.0000
26.78 0.0000
26.79 0.0000
26.80 0.0000
26.81 0.0000
26.82 0.0000
26.83 0.0000
26.84 0.0000
26.85 0.0000
26.86 0.0000
26.87 0.0000
26.88 0.0000
26.89 0.0000
26.90 0.0000
26.91 0.0000
26.92 0.0000
26.93 0.0000
26.94 0.0000
26.95 0.0000
26.96 0.0000
26.97 0.0000
26.98 0.0000
26.99 0.0000
27.00 0.0000
27.01 0.0000
27.02 0.0000
27.03 0.0000
27.04 0.0000
27.05 0.0000
27.06 0.0000
27.07 0.0000
27.08 0.0000
27.09 0.0000
27.10 0.0000
27.11 0.0000
27.12 0.0000
27.13 0.0000
27.14 0.0000
27.15 0.0000
27.16 0.0000
27.17 0.0000
27.18 0.0000
27.19 0.0000
27.20 0.0000
27.21 0.0000
27.22 0.0000
27.23 0.0000
27.24 0.0000
27.25 0.0000
27.26 0.0000
27.27 0.0000
27.28 0.0000
27.29 0.0000
27.30 0.0000
27.31 0.0000
27.32 0.0000
27.33 0.0000
27.34 0.0000
27.35 0.0000
27.36 0.0000
27.37 0.0000
27.38 0.0000
27.39 0.0000
27.40 0.0000
27.41 0.0000
27.42 0.0000
27.43 0.0000
27.44 0.0000
27.45 0.0000
27.46 0.0000
27.47 0.0000
27.48 0.0000
27.49 0.0000
27.50 0.0000
27.51 0.0000
27.52 0.0000
27.53 0.0000
27.54 0.0000
27.55 0.0000
27.56 0.0000
27.57 0.0000
27.58 0.0000
27.59 0.0000
27.60 0.0000
27.61 0.0000
27.62 0.0000
27.63 0.0000
27.64 0.0000
27.65 0.0000
27.66 0.0000
27.67 0.0000
27.68 0.0000
27.69 0.0000
27.70 0.0000
27.71 0.0000
27.72 0.0000
27.73 0.0000
27.74 0.0000
27.75 0.0000
27.76 0.0000
27.77 0.0000
27.78 0.0000
27.79 0.0000
27.80 0.0000
27.81 0.0000
27.82 0.0000
27.83 0.0000
27.84 0.0000
27.85 0.0000
27.86 0.0000
27.87 0.0000
27.88 0.0000
27.89 0.0000
27.90 0.0000
27.91 0.0000
27.92 0.0000
27.93 0.0000
27.94 0.0000
27.95 0.0000
27.96 0.0000
27.97 0.0000
27.98 0.0000
27.99 0.0000
28.00 0.0000
28.01 0.0000
28.02 0.0000
28.03 0.0000
28.04 0.0000
28.05 0.0000
28.06 0.0000
28.07 0.0000
28.08 0.0000
28.09 0.0000
28.10 0.0000
28.11 0.0000
28.12 0.0000
28.13 0.0000
28.14 0.0000
28.15 0.0000
28.16 0.0000
28.17 0.0000
28.18 0.0000
28.19 0.0000
28.20 0.0000
28.21 0.0000
28.22 0.0000
28.23 0.0000
28.24 0.0000
28.25 0.0000
28.26 0.0000
28.27 0.0000
28.28 0.0000
28.29 0.0000
28.30 0.0000
28.31 0.0000
28.32 0.0000
28.33 0.0000
28.34 0.0000
28.35 0.0000
28.36 0.0000
28.37 0.0000
28.38 0.0000
28.39 0.0000
28.40 0.0000
28.41 0.0000
28.42 0.0000
28.43 0.0000
28.44 0.0000
28.45 0.0000
28.46 0.0000
28.47 0.0000
28.48 0.0000
28.49 0.0000
28.50 0.0000
28.51 0.0000
28.52 0.0000
28.53 0.0000
28.54 0.0000
28.55 0.0000
28.56 0.0000
28.57 0.0000
28.58 0.0000
28.59 0.0000
28.60 0.0000
28.61 0.0000
28.62 0.0000
28.63 0.0000
28.64 0.0000
28.65 0.0000
28.66 0.0000
28.67 0.0000
28.68 0.0000
28.69 0.0000
28.70 0.0000
28.71 0.0000
28.72 0.0000
28.73 0.0000
28.74 0.0000
28.75 0.0000
28.76 0.0000
28.77 0.0000
28.78 0.0000
28.79 0.0000
28.80 0.0000
28.81 0.0000
28.82 0.0000
28.83 0.0000
28.84 0.0000
28.85 0.0000
28.86 0.0000
28.87 0.0000
28.88 0.0000
28.89 0.0000
28.90 0.0000
28.91 0.0000
28.92 0.0000
28.93 0.0000
28.94 0.0000
28.95 0.0000
28.96 0.0000
28.97 0.0000
28.98 0.0000
28.99 0.0000
29.00 0.0000
29.01 0.0000
29.02 0.0000
29.03 0.0000
29.04 0.0000
29.05 0.0000
29.06 0.0000
29.07 0.0000
29.08 0.0000
29.09 0.0000
29.10 0.0000
29.11 0.0000
29.12 0.0000
29.13 0.0000
29.14 0.0000
29.15 0.0000
29.16 0.0000
29.17 0.0000
29.18 0.0000
29.19 0.0000
29.20 0.0000
29.21 0.0000
29.22 0.0000
29.23 0.0000
29.24 0.0000
29.25 0.0000
29.26 0.0000
29.27 0.0000
29.28 0.0000
29.29 0.0000
29.30 0.0000
29.31 0.0000
29.32 0.0000
29.33 0.0000
29.34 0.0000
29.35 0.0000
29.36 0.0000
29.37 0.0000
29.38 0.0000
29.39 0.0000
29.40 0.0000
29.41 0.0000
29.42 0.0000
29.43 0.0000
29.44 0.0000
29.45 0.0000
29.46 0.0000
29.47 0.0000
29.48 0.0000
29.49 0.0000
29.50 0.0000
29.51 0.0000
29.52 0.0000
29.53 0.0000
29.54 0.0000
29.55 0.0000
29.56 0.0000
29.57 0.0000
29.58 0.0000
29.59 0.0000
29.60 0.0000
29.61 0.0000
29.62 0.0000
29.63 0.0000
29.64 0.0000
29.65 0.0000
29.66 0.0000
29.67 0.0000
29.68 0.0000
29.69 0.0000
29.70 0.0000
29.71 0.0000
29.72 0.0000
29.73 0.0000
29.74 278.1851
29.75 287.3721
29.76 291.5521
29.77 292.6065
29.78 295.7928
29.79 297.9362
29.80 299.0138
29.81 299.0138
29.82 301.1805
29.83 303.3630
29.84 303.3630
29.85 304.4602
29.86 304.4602
29.87 304.4602
29.88 304.4602
29.89 304.4602
29.90 304.4602
29.91 304.4602
29.92 304.4602
29.93 304.4602
29.94 304.4602
29.95 304.4602
29.96 304.4602
29.97 307.7755
29.98 311.1270
29.99 317.9398
30.00 319.0897
30.01 323.7309
30.02 327.2561
30.03 328.4397
30.04 328.4397
30.05 328.4397
30.06 328.4397
30.07 327.2561
30.08 327.2561
30.09 327.2561
30.10 326.0768
30.11 326.0768
30.12 326.0768
30.13 327.2561
30.14 327.2561
30.15 327.2561
30.16 327.2561
30.17 327.2561
30.18 327.2561
30.19 327.2561
30.20 326.0768
30.21 326.0768
30.22 326.0768
30.23 326.0768
30.24 326.0768
30.25 326.0768
30.26 326.0768
30.27 326.0768
30.28 326.0768
30.29 326.0768
30.30 326.0768
30.31 326.0768
30.32 326.0768
30.33 326.0768
30.34 326.0768
30.35 326.0768
30.36 326.0768
30.37 326.0768
30.38 326.0768
30.39 324.9018
30.40 324.9018
30.41 324.9018
30.42 324.9018
30.43 324.9018
30.44 324.9018
30.45 324.9018
30.46 324.9018
30.47 324.9018
30.48 324.9018
30.49 324.9018
30.50 324.9018
30.51 324.9018
30.52 324.9018
30.53 326.0768
30.54 326.0768
30.55 326.0768
30.56 326.0768
30.57 326.0768
30.58 326.0768
30.59 326.0768
30.60 326.0768
30.61 326.0768
30.62 326.0768
30.63 326.0768
30.64 326.0768
30.65 326.0768
30.66 326.0768
30.67 326.0768
30.68 326.0768
30.69 324.9018
30.70 324.9018
30.71 323.7309
30.72 319.0897
30.73 0.0000
30.74 0.0000
30.75 0.0000
30.76 0.0000
30.77 0.0000
30.78 0.0000
30.79 0.0000
30.80 0.0000
30.81 0.0000
30.82 0.0000
30.83 0.0000
30.84 0.0000
30.85 0.0000
30.86 0.0000
30.87 0.0000
30.88 0.0000
30.89 0.0000
30.90 0.0000
30.91 0.0000
30.92 0.0000
30.93 0.0000
30.94 0.0000
30.95 0.0000
30.96 0.0000
30.97 0.0000
30.98 0.0000
30.99 0.0000
31.00 0.0000
31.01 0.0000
31.02 0.0000
31.03 0.0000
31.04 0.0000
31.05 0.0000
31.06 0.0000
31.07 0.0000
31.08 0.0000
31.09 0.0000
31.10 0.0000
31.11 0.0000
31.12 0.0000
31.13 0.0000
31.14 0.0000
31.15 0.0000
31.16 0.0000
31.17 0.0000
31.18 0.0000
31.19 0.0000
31.20 0.0000
31.21 0.0000
31.22 0.0000
31.23 0.0000
31.24 0.0000
31.25 0.0000
31.26 252.3490
31.27 252.3490
31.28 252.3490
31.29 252.3490
31.30 252.3490
31.31 252.3490
31.32 252.3490
31.33 252.3490
31.34 252.3490
31.35 252.3490
31.36 253.2616
31.37 253.2616
31.38 253.2616
31.39 252.3490
31.40 252.3490
31.41 252.3490
31.42 252.3490
31.43 252.3490
31.44 252.3490
31.45 252.3490
31.46 252.3490
31.47 253.2616
31.48 253.2616
31.49 253.2616
31.50 253.2616
31.51 253.2616
31.52 253.2616
31.53 253.2616
31.54 253.2616
31.55 253.2616
31.56 253.2616
31.57 253.2616
31.58 252.3490
31.59 252.3490
31.60 252.3490
31.61 252.3490
31.62 252.3490
31.63 252.3490
31.64 252.3490
31.65 252.3490
31.66 252.3490
31.67 252.3490
31.68 252.3490
31.69 252.3490
31.70 251.4396
31.71 250.5335
31.72 249.6307
31.73 248.7311
31.74 248.7311
31.75 247.8348
31.76 246.9417
31.77 246.0518
31.78 246.0518
31.79 246.0518
31.80 246.0518
31.81 246.0518
31.82 246.9417
31.83 247.8348
31.84 247.8348
31.85 247.8348
31.86 248.7311
31.87 248.7311
31.88 248.7311
31.89 248.7311
31.90 248.7311
31.91 249.6307
31.92 249.6307
31.93 250.5335
31.94 251.4396
31.95 252.3490
31.96 253.2616
31.97 254.1776
31.98 256.9454
31.99 258.8073
32.00 261.6256
32.01 264.4745
32.02 265.4310
32.03 265.4310
32.04 265.4310
32.05 265.4310
32.06 265.4310
32.07 265.4310
32.08 265.4310
32.09 263.5214
32.10 263.5214
32.11 262.5718
32.12 262.5718
32.13 262.5718
32.14 262.5718
32.15 263.5214
32.16 263.5214
32.17 264.4745
32.18 264.4745
32.19 265.4310
32.20 266.3910
32.21 267.3544
32.22 267.3544
32.23 267.3544
32.24 267.3544
32.25 267.3544
32.26 267.3544
32.27 267.3544
32.28 266.3910
32.29 266.3910
32.30 265.4310
32.31 265.4310
32.32 264.4745
32.33 264.4745
32.34 264.4745
32.35 264.4745
32.36 264.4745
32.37 264.4745
32.38 265.4310
32.39 265.4310
32.40 266.3910
32.41 266.3910
32.42 266.3910
32.43 266.3910
32.44 266.3910
32.45 266.3910
32.46 265.4310
32.47 265.4310
32.48 264.4745
32.49 262.5718
32.50 262.5718
32.51 262.5718
32.52 262.5718
32.53 262.5718
32.54 262.5718
32.55 262.5718
32.56 263.5214
32.57 263.5214
32.58 264.4745
32.59 265.4310
32.60 266.3910
32.61 266.3910
32.62 266.3910
32.63 266.3910
32.64 266.3910
32.65 265.4310
32.66 265.4310
32.67 263.5214
32.68 262.5718
32.69 262.5718
32.70 262.5718
32.71 262.5718
32.72 262.5718
32.73 262.5718
32.74 263.5214
32.75 264.4745
32.76 265.4310
32.77 266.3910
32.78 266.3910
32.79 266.3910
32.80 266.3910
32.81 266.3910
32.82 265.4310
32.83 265.4310
32.84 265.4310
32.85 265.4310
32.86 264.4745
32.87 263.5214
32.88 263.5214
32.89 263.5214
32.90 263.5214
32.91 264.4745
32.92 264.4745
32.93 264.4745
32.94 264.4745
32.95 264.4745
32.96 264.4745
32.97 264.4745
32.98 264.4745
32.99 264.4745
33.00 263.5214
33.01 263.5214
33.02 263.5214
33.03 263.5214
33.04 263.5214
33.05 263.5214
33.06 263.5214
33.07 263.5214
33.08 264.4745
33.09 264.4745
33.10 264.4745
33.11 264.4745
33.12 264.4745
33.13 264.4745
33.14 264.4745
33.15 264.4745
33.16 264.4745
33.17 265.4310
33.18 265.4310
33.19 265.4310
33.20 265.4310
33.21 262.5718
33.22 260.6828
33.23 255.0969
33.24 249.6307
33.25 248.7311
33.26 247.8348
33.27 247.8348
33.28 247.8348
33.29 248.7311
33.30 248.7311
33.31 249.6307
33.32 249.6307
33.33 249.6307
33.34 248.7311
33.35 248.7311
33.36 248.7311
33.37 249.6307
33.38 249.6307
33.39 249.6307
33.40 248.7311
33.41 248.7311
33.42 248.7311
33.43 248.7311
33.44 249.6307
33.45 249.6307
33.46 249.6307
33.47 249.6307
33.48 254.1776
33.49 255.0969
33.50 258.8073
33.51 260.6828
33.52 264.4745
33.53 265.4310
33.54 265.4310
33.55 265.4310
33.56 265.4310
33.57 265.4310
33.58 265.4310
33.59 265.4310
33.60 265.4310
33.61 265.4310
33.62 264.4745
33.63 263.5214
33.64 262.5718
33.65 260.6828
33.66 258.8073
33.67 253.2616
33.68 249.6307
33.69 249.6307
33.70 249.6307
33.71 249.6307
33.72 249.6307
33.73 249.6307
33.74 249.6307
33.75 249.6307
33.76 249.6307
33.77 249.6307
33.78 249.6307
33.79 249.6307
33.80 249.6307
33.81 248.7311
33.82 247.8348
33.83 247.8348
33.84 247.8348
33.85 247.8348
33.86 247.8348
33.87 248.7311
33.88 248.7311
33.89 249.6307
33.90 252.3490
33.91 253.2616
33.92 254.1776
33.93 255.0969
33.94 255.0969
33.95 255.0969
33.96 255.0969
33.97 254.1776
33.98 253.2616
33.99 252.3490
34.00 249.6307
34.01 248.7311
34.02 246.9417
34.03 245.1651
34.04 244.2816
34.05 244.2816
34.06 244.2816
34.07 244.2816
34.08 248.7311
34.09 248.7311
34.10 249.6307
34.11 250.5335
34.12 253.2616
34.13 254.1776
34.14 254.1776
34.15 254.1776
34.16 254.1776
34.17 253.2616
34.18 253.2616
34.19 252.3490
34.20 249.6307
34.21 247.8348
34.22 247.8348
34.23 246.9417
34.24 246.9417
34.25 246.9417
34.26 246.9417
34.27 247.8348
34.28 248.7311
34.29 249.6307
34.30 249.6307
34.31 255.0969
34.32 259.7434
34.33 259.7434
34.34 259.7434
34.35 259.7434
34.36 259.7434
34.37 259.7434
34.38 258.8073
34.39 255.0969
34.40 253.2616
34.41 249.6307
34.42 248.7311
34.43 248.7311
34.44 248.7311
34.45 248.7311
34.46 248.7311
34.47 249.6307
34.48 250.5335
34.49 256.0195
34.50 259.7434
34.51 260.6828
34.52 260.6828
34.53 260.6828
34.54 260.6828
34.55 259.7434
34.56 258.8073
34.57 255.0969
34.58 253.2616
34.59 249.6307
34.60 248.7311
34.61 247.8348
34.62 247.8348
34.63 247.8348
34.64 248.7311
34.65 249.6307
34.66 254.1776
34.67 258.8073
34.68 259.7434
34.69 259.7434
34.70 259.7434
34.71 0.0000
34.72 0.0000
34.73 0.0000
34.74 0.0000
34.75 0.0000
34.76 0.0000
34.77 0.0000
34.78 0.0000
34.79 0.0000
34.80 0.0000
34.81 0.0000
34.82 0.0000
34.83 0.0000
34.84 0.0000
34.85 0.0000
34.86 0.0000
34.87 0.0000
34.88 0.0000
34.89 0.0000
34.90 0.0000
34.91 0.0000
34.92 0.0000
34.93 0.0000
34.94 0.0000
34.95 0.0000
34.96 0.0000
34.97 0.0000
34.98 0.0000
34.99 0.0000
35.00 0.0000
35.01 0.0000
35.02 0.0000
