0.00 208.4034
0.01 208.4034
0.02 210.6727
0.03 212.1993
0.04 217.6302
0.05 222.3956
0.06 224.8174
0.07 228.9123
0.08 230.5711
0.09 233.0819
0.10 233.9249
0.11 234.7709
0.12 236.4721
0.13 238.1857
0.14 239.0471
0.15 240.7794
0.16 243.4013
0.17 247.8348
0.18 249.6307
0.19 250.5335
0.20 253.2616
0.21 254.1776
0.22 255.0969
0.23 256.9454
0.24 259.7434
0.25 263.5214
0.26 265.4310
0.27 266.3910
0.28 280.2010
0.29 292.6065
0.30 316.7940
0.31 332.0162
0.32 333.2170
0.33 336.8455
0.34 341.7450
0.35 345.4663
0.36 345.4663
0.37 346.7158
0.38 346.7158
0.39 346.7158
0.40 346.7158
0.41 346.7158
0.42 345.4663
0.43 344.2214
0.44 340.5135
0.45 340.5135
0.46 336.8455
0.47 0.0000
0.48 0.0000
0.49 0.0000
0.50 0.0000
0.51 0.0000
0.52 0.0000
0.53 0.0000
0.54 0.0000
0.55 0.0000
0.56 0.0000
0.57 0.0000
0.58 0.0000
0.59 0.0000
0.60 0.0000
0.61 304.4602
0.62 308.8886
0.63 308.8886
0.64 308.8886
0.65 307.7755
0.66 306.6664
0.67 304.4602
0.68 303.3630
0.69 302.2698
0.70 297.9362
0.71 288.4115
0.72 288.4115
0.73 274.1968
0.74 266.3910
0.75 259.7434
0.76 258.8073
0.77 252.3490
0.78 252.3490
0.79 252.3490
0.80 252.3490
0.81 252.3490
0.82 252.3490
0.83 252.3490
0.84 252.3490
0.85 252.3490
0.86 252.3490
0.87 252.3490
0.88 252.3490
0.89 253.2616
0.90 254.1776
0.91 254.1776
0.92 255.0969
0.93 258.8073
0.94 258.8073
0.95 259.7434
0.96 261.6256
0.97 262.5718
0.98 263.5214
0.99 263.5214
1.00 263.5214
1.01 262.5718
1.02 262.5718
1.03 261.6256
1.04 261.6256
1.05 261.6256
1.06 261.6256
1.07 261.6256
1.08 261.6256
1.09 261.6256
1.10 261.6256
1.11 261.6256
1.12 260.6828
1.13 260.6828
1.14 260.6828
1.15 261.6256
1.16 262.5718
1.17 265.4310
1.18 273.2087
1.19 279.1912
1.20 289.4546
1.21 292.6065
1.22 308.8886
1.23 329.6276
1.24 336.8455
1.25 341.7450
1.26 346.7158
1.27 349.2282
1.28 351.7589
1.29 351.7589
1.30 351.7589
1.31 351.7589
1.32 350.4913
1.33 350.4913
1.34 350.4913
1.35 349.2282
1.36 349.2282
1.37 347.9697
1.38 347.9697
1.39 345.4663
1.40 345.4663
1.41 0.0000
1.42 0.0000
1.43 0.0000
1.44 0.0000
1.45 0.0000
1.46 0.0000
1.47 0.0000
1.48 0.0000
1.49 0.0000
1.50 0.0000
1.51 0.0000
1.52 0.0000
1.53 0.0000
1.54 0.0000
1.55 0.0000
1.56 0.0000
1.57 299.0138
1.58 307.7755
1.59 307.7755
1.60 307.7755
1.61 305.5613
1.62 304.4602
1.63 302.2698
1.64 301.1805
1.65 296.8626
1.66 290.5014
1.67 289.4546
1.68 273.2087
1.69 271.2432
1.70 266.3910
1.71 259.7434
1.72 254.1776
1.73 254.1776
1.74 254.1776
1.75 254.1776
1.76 253.2616
1.77 253.2616
1.78 253.2616
1.79 253.2616
1.80 253.2616
1.81 253.2616
1.82 253.2616
1.83 253.2616
1.84 253.2616
1.85 254.1776
1.86 255.0969
1.87 255.0969
1.88 256.0195
1.89 256.9454
1.90 259.7434
1.91 261.6256
1.92 261.6256
1.93 261.6256
1.94 261.6256
1.95 260.6828
1.96 260.6828
1.97 259.7434
1.98 259.7434
1.99 259.7434
2.00 259.7434
2.01 259.7434
2.02 259.7434
2.03 258.8073
2.04 258.8073
2.05 258.8073
2.06 258.8073
2.07 259.7434
2.08 259.7434
2.09 259.7434
2.10 259.7434
2.11 259.7434
2.12 259.7434
2.13 259.7434
2.14 259.7434
2.15 259.7434
2.16 259.7434
2.17 256.9454
2.18 256.9454
2.19 256.9454
2.20 256.9454
2.21 259.7434
2.22 262.5718
2.23 265.4310
2.24 292.6065
2.25 299.0138
2.26 315.6524
2.27 329.6276
2.28 333.2170
2.29 340.5135
2.30 347.9697
2.31 353.0311
2.32 354.3079
2.33 355.5893
2.34 355.5893
2.35 355.5893
2.36 355.5893
2.37 358.1660
2.38 363.3757
2.39 367.3326
2.40 376.7337
2.41 383.5958
2.42 390.5828
2.43 391.9954
2.44 391.9954
2.45 391.9954
2.46 391.9954
2.47 391.9954
2.48 391.9954
2.49 391.9954
2.50 393.4132
2.51 393.4132
2.52 393.4132
2.53 393.4132
2.54 393.4132
2.55 391.9954
2.56 386.3755
2.57 383.5958
2.58 0.0000
2.59 0.0000
2.60 0.0000
2.61 0.0000
2.62 0.0000
2.63 0.0000
2.64 0.0000
2.65 0.0000
2.66 0.0000
2.67 0.0000
2.68 0.0000
2.69 0.0000
2.70 0.0000
2.71 0.0000
2.72 336.8455
2.73 340.5135
2.74 341.7450
2.75 345.4663
2.76 346.7158
2.77 346.7158
2.78 346.7158
2.79 347.9697
2.80 349.2282
2.81 349.2282
2.82 349.2282
2.83 349.2282
2.84 349.2282
2.85 349.2282
2.86 349.2282
2.87 347.9697
2.88 347.9697
2.89 346.7158
2.90 346.7158
2.91 346.7158
2.92 345.4663
2.93 345.4663
2.94 345.4663
2.95 344.2214
2.96 344.2214
2.97 344.2214
2.98 344.2214
2.99 344.2214
3.00 344.2214
3.01 344.2214
3.02 345.4663
3.03 345.4663
3.04 345.4663
3.05 344.2214
3.06 344.2214
3.07 344.2214
3.08 344.2214
3.09 344.2214
3.10 345.4663
3.11 345.4663
3.12 345.4663
3.13 345.4663
3.14 345.4663
3.15 345.4663
3.16 345.4663
3.17 345.4663
3.18 345.4663
3.19 345.4663
3.20 345.4663
3.21 345.4663
3.22 344.2214
3.23 342.9810
3.24 342.9810
3.25 342.9810
3.26 342.9810
3.27 342.9810
3.28 342.9810
3.29 342.9810
3.30 342.9810
3.31 342.9810
3.32 344.2214
3.33 344.2214
3.34 344.2214
3.35 344.2214
3.36 345.4663
3.37 345.4663
3.38 345.4663
3.39 344.2214
3.40 344.2214
3.41 341.7450
3.42 339.2864
3.43 336.8455
3.44 334.4221
3.45 332.0162
3.46 327.2561
3.47 0.0000
3.48 0.0000
3.49 0.0000
3.50 0.0000
3.51 0.0000
3.52 0.0000
3.53 0.0000
3.54 0.0000
3.55 0.0000
3.56 0.0000
3.57 205.4155
3.58 205.4155
3.59 205.4155
3.60 205.4155
3.61 205.4155
3.62 204.6753
3.63 204.6753
3.64 204.6753
3.65 203.9377
3.66 203.9377
3.67 203.2028
3.68 203.2028
3.69 203.2028
3.70 0.0000
3.71 0.0000
3.72 0.0000
3.73 0.0000
3.74 0.0000
3.75 0.0000
3.76 0.0000
3.77 0.0000
3.78 0.0000
3.79 0.0000
3.80 0.0000
3.81 0.0000
3.82 0.0000
3.83 0.0000
3.84 0.0000
3.85 0.0000
3.86 0.0000
3.87 0.0000
3.88 0.0000
3.89 0.0000
3.90 0.0000
3.91 0.0000
3.92 0.0000
3.93 0.0000
3.94 0.0000
3.95 0.0000
3.96 0.0000
3.97 0.0000
3.98 0.0000
3.99 0.0000
4.00 0.0000
4.01 0.0000
4.02 0.0000
4.03 0.0000
4.04 0.0000
4.05 0.0000
4.06 0.0000
4.07 0.0000
4.08 0.0000
4.09 0.0000
4.10 0.0000
4.11 0.0000
4.12 0.0000
4.13 0.0000
4.14 0.0000
4.15 0.0000
4.16 0.0000
4.17 0.0000
4.18 0.0000
4.19 0.0000
4.20 0.0000
4.21 0.0000
4.22 0.0000
4.23 0.0000
4.24 0.0000
4.25 0.0000
4.26 0.0000
4.27 0.0000
4.28 0.0000
4.29 185.6663
4.30 185.6663
4.31 185.6663
4.32 185.6663
4.33 185.6663
4.34 0.0000
4.35 0.0000
4.36 0.0000
4.37 0.0000
4.38 0.0000
4.39 0.0000
4.40 0.0000
4.41 0.0000
4.42 0.0000
4.43 0.0000
4.44 0.0000
4.45 0.0000
4.46 0.0000
4.47 0.0000
4.48 0.0000
4.49 0.0000
4.50 0.0000
4.51 0.0000
4.52 0.0000
4.53 219.2072
4.54 222.3956
4.55 227.2655
4.56 233.9249
4.57 239.0471
4.58 243.4013
4.59 246.0518
4.60 247.8348
4.61 249.6307
4.62 250.5335
4.63 250.5335
4.64 250.5335
4.65 250.5335
4.66 250.5335
4.67 249.6307
4.68 248.7311
4.69 246.9417
4.70 246.0518
4.71 246.0518
4.72 0.0000
4.73 0.0000
4.74 0.0000
4.75 0.0000
4.76 0.0000
4.77 0.0000
4.78 0.0000
4.79 0.0000
4.80 0.0000
4.81 0.0000
4.82 0.0000
4.83 0.0000
4.84 0.0000
4.85 0.0000
4.86 0.0000
4.87 0.0000
4.88 0.0000
4.89 0.0000
4.90 0.0000
4.91 259.7434
4.92 260.6828
4.93 261.6256
4.94 261.6256
4.95 261.6256
4.96 259.7434
4.97 258.8073
4.98 257.8747
4.99 257.8747
5.00 256.9454
5.01 256.9454
5.02 256.9454
5.03 256.0195
5.04 256.0195
5.05 256.0195
5.06 256.0195
5.07 256.0195
5.08 256.9454
5.09 257.8747
5.10 258.8073
5.11 258.8073
5.12 258.8073
5.13 258.8073
5.14 257.8747
5.15 257.8747
5.16 257.8747
5.17 258.8073
5.18 258.8073
5.19 258.8073
5.20 258.8073
5.21 258.8073
5.22 258.8073
5.23 258.8073
5.24 258.8073
5.25 258.8073
5.26 258.8073
5.27 259.7434
5.28 259.7434
5.29 260.6828
5.30 261.6256
5.31 262.5718
5.32 263.5214
5.33 265.4310
5.34 265.4310
5.35 266.3910
5.36 271.2432
5.37 273.2087
5.38 277.1826
5.39 279.1912
5.40 279.1912
5.41 279.1912
5.42 279.1912
5.43 278.1851
5.44 278.1851
5.45 276.1838
5.46 274.1968
5.47 273.2087
5.48 273.2087
5.49 271.2432
5.50 270.2657
5.51 269.2918
5.52 265.4310
5.53 259.7434
5.54 256.0195
5.55 249.6307
5.56 234.7709
5.57 233.9249
5.58 195.9977
5.59 194.5877
5.60 194.5877
5.61 187.0117
5.62 186.3378
5.63 186.3378
5.64 186.3378
5.65 185.6663
5.66 185.6663
5.67 185.6663
5.68 184.9972
5.69 184.9972
5.70 184.9972
5.71 184.9972
5.72 184.9972
5.73 184.9972
5.74 184.9972
5.75 184.9972
5.76 184.9972
5.77 184.9972
5.78 184.9972
5.79 184.9972
5.80 207.6523
5.81 208.4034
5.82 208.4034
5.83 208.4034
5.84 207.6523
5.85 206.9040
5.86 206.1584
5.87 206.1584
5.88 184.9972
5.89 184.9972
5.90 184.9972
5.91 184.9972
5.92 184.9972
5.93 184.9972
5.94 184.9972
5.95 184.9972
5.96 184.9972
5.97 184.3305
5.98 182.3449
5.99 182.3449
6.00 182.3449
6.01 182.3449
6.02 182.3449
6.03 183.0044
6.04 183.6663
6.05 184.3305
6.06 184.3305
6.07 184.3305
6.08 184.3305
6.09 208.4034
6.10 212.9668
6.11 212.9668
6.12 212.9668
6.13 212.1993
6.14 212.1993
6.15 212.1993
6.16 212.1993
6.17 211.4347
6.18 210.6727
6.19 210.6727
6.20 209.9135
6.21 209.9135
6.22 209.9135
6.23 209.9135
6.24 209.9135
6.25 209.9135
6.26 209.1571
6.27 208.4034
6.28 207.6523
6.29 207.6523
6.30 207.6523
6.31 208.4034
6.32 208.4034
6.33 208.4034
6.34 208.4034
6.35 207.6523
6.36 207.6523
6.37 207.6523
6.38 207.6523
6.39 208.4034
6.40 208.4034
6.41 208.4034
6.42 207.6523
6.43 207.6523
6.44 207.6523
6.45 208.4034
6.46 208.4034
6.47 208.4034
6.48 208.4034
6.49 208.4034
6.50 208.4034
6.51 207.6523
6.52 207.6523
6.53 207.6523
6.54 207.6523
6.55 207.6523
6.56 207.6523
6.57 207.6523
6.58 207.6523
6.59 207.6523
6.60 207.6523
6.61 207.6523
6.62 207.6523
6.63 207.6523
6.64 207.6523
6.65 207.6523
6.66 207.6523
6.67 207.6523
6.68 207.6523
6.69 207.6523
6.70 207.6523
6.71 207.6523
6.72 207.6523
6.73 207.6523
6.74 207.6523
6.75 0.0000
6.76 0.0000
6.77 0.0000
6.78 0.0000
6.79 0.0000
6.80 0.0000
6.81 0.0000
6.82 0.0000
6.83 0.0000
6.84 0.0000
6.85 0.0000
6.86 0.0000
6.87 0.0000
6.88 0.0000
6.89 0.0000
6.90 0.0000
6.91 0.0000
6.92 0.0000
6.93 0.0000
6.94 0.0000
6.95 0.0000
6.96 0.0000
6.97 0.0000
6.98 0.0000
6.99 0.0000
7.00 0.0000
7.01 0.0000
7.02 0.0000
7.03 0.0000
7.04 0.0000
7.05 0.0000
7.06 0.0000
7.07 0.0000
7.08 0.0000
7.09 0.0000
7.10 0.0000
7.11 0.0000
7.12 0.0000
7.13 0.0000
7.14 0.0000
7.15 0.0000
7.16 0.0000
7.17 0.0000
7.18 0.0000
7.19 0.0000
7.20 0.0000
7.21 0.0000
7.22 0.0000
7.23 0.0000
7.24 0.0000
7.25 0.0000
7.26 0.0000
7.27 0.0000
7.28 0.0000
7.29 0.0000
7.30 0.0000
7.31 0.0000
7.32 0.0000
7.33 0.0000
7.34 0.0000
7.35 0.0000
7.36 0.0000
7.37 0.0000
7.38 0.0000
7.39 0.0000
7.40 0.0000
7.41 0.0000
7.42 0.0000
7.43 0.0000
7.44 0.0000
7.45 0.0000
7.46 0.0000
7.47 0.0000
7.48 0.0000
7.49 0.0000
7.50 0.0000
7.51 0.0000
7.52 0.0000
7.53 0.0000
7.54 0.0000
7.55 0.0000
7.56 0.0000
7.57 0.0000
7.58 0.0000
7.59 0.0000
7.60 0.0000
7.61 0.0000
7.62 0.0000
7.63 0.0000
7.64 0.0000
7.65 0.0000
7.66 0.0000
7.67 0.0000
7.68 0.0000
7.69 0.0000
7.70 0.0000
7.71 0.0000
7.72 0.0000
7.73 0.0000
7.74 0.0000
7.75 206.9040
7.76 206.9040
7.77 206.9040
7.78 206.9040
7.79 206.9040
7.80 206.9040
7.81 206.9040
7.82 206.1584
7.83 0.0000
7.84 0.0000
7.85 0.0000
7.86 0.0000
7.87 0.0000
7.88 0.0000
7.89 0.0000
7.90 0.0000
7.91 0.0000
7.92 0.0000
7.93 0.0000
7.94 0.0000
7.95 0.0000
7.96 0.0000
7.97 0.0000
7.98 0.0000
7.99 0.0000
8.00 0.0000
8.01 0.0000
8.02 0.0000
8.03 0.0000
8.04 0.0000
8.05 0.0000
8.06 0.0000
8.07 0.0000
8.08 169.6432
8.09 169.6432
8.10 169.6432
8.11 169.6432
8.12 169.0319
8.13 0.0000
8.14 0.0000
8.15 0.0000
8.16 0.0000
8.17 0.0000
8.18 0.0000
8.19 0.0000
8.20 0.0000
8.21 0.0000
8.22 0.0000
8.23 0.0000
8.24 0.0000
8.25 0.0000
8.26 0.0000
8.27 0.0000
8.28 0.0000
8.29 0.0000
8.30 0.0000
8.31 0.0000
8.32 0.0000
8.33 0.0000
8.34 0.0000
8.35 0.0000
8.36 0.0000
8.37 0.0000
8.38 0.0000
8.39 0.0000
8.40 0.0000
8.41 0.0000
8.42 0.0000
8.43 0.0000
8.44 0.0000
8.45 0.0000
8.46 0.0000
8.47 0.0000
8.48 0.0000
8.49 0.0000
8.50 0.0000
8.51 0.0000
8.52 0.0000
8.53 0.0000
8.54 0.0000
8.55 209.1571
8.56 218.4173
8.57 219.2072
8.58 222.3956
8.59 233.0819
8.60 233.0819
8.61 233.0819
8.62 0.0000
8.63 0.0000
8.64 0.0000
8.65 0.0000
8.66 0.0000
8.67 0.0000
8.68 0.0000
8.69 0.0000
8.70 0.0000
8.71 0.0000
8.72 0.0000
8.73 0.0000
8.74 0.0000
8.75 0.0000
8.76 0.0000
8.77 0.0000
8.78 249.6307
8.79 249.6307
8.80 254.1776
8.81 254.1776
8.82 254.1776
8.83 254.1776
8.84 252.3490
8.85 251.4396
8.86 250.5335
8.87 250.5335
8.88 250.5335
8.89 250.5335
8.90 250.5335
8.91 250.5335
8.92 251.4396
8.93 251.4396
8.94 251.4396
8.95 251.4396
8.96 252.3490
8.97 254.1776
8.98 255.0969
8.99 258.8073
9.00 258.8073
9.01 258.8073
9.02 258.8073
9.03 258.8073
9.04 257.8747
9.05 256.9454
9.06 256.9454
9.07 256.0195
9.08 254.1776
9.09 0.0000
9.10 0.0000
9.11 0.0000
9.12 0.0000
9.13 0.0000
9.14 0.0000
9.15 0.0000
9.16 0.0000
9.17 0.0000
9.18 0.0000
9.19 0.0000
9.20 0.0000
9.21 0.0000
9.22 0.0000
9.23 0.0000
9.24 0.0000
9.25 0.0000
9.26 287.3721
9.27 289.4546
9.28 290.5014
9.29 291.5521
9.30 291.5521
9.31 291.5521
9.32 292.6065
9.33 292.6065
9.34 294.7269
9.35 297.9362
9.36 303.3630
9.37 310.0058
9.38 319.0897
9.39 323.7309
9.40 328.4397
9.41 334.4221
9.42 339.2864
9.43 339.2864
9.44 339.2864
9.45 338.0637
9.46 338.0637
9.47 338.0637
9.48 338.0637
9.49 340.5135
9.50 340.5135
9.51 340.5135
9.52 339.2864
9.53 338.0637
9.54 338.0637
9.55 338.0637
9.56 338.0637
9.57 338.0637
9.58 338.0637
9.59 338.0637
9.60 336.8455
9.61 332.0162
9.62 332.0162
9.63 330.8197
9.64 329.6276
9.65 327.2561
9.66 326.0768
9.67 323.7309
9.68 323.7309
9.69 323.7309
9.70 320.2437
9.71 319.0897
9.72 265.4310
9.73 262.5718
9.74 262.5718
9.75 261.6256
9.76 254.1776
9.77 253.2616
9.78 253.2616
9.79 252.3490
9.80 252.3490
9.81 251.4396
9.82 251.4396
9.83 251.4396
9.84 251.4396
9.85 251.4396
9.86 251.4396
9.87 251.4396
9.88 251.4396
9.89 252.3490
9.90 253.2616
9.91 253.2616
9.92 254.1776
9.93 254.1776
9.94 255.0969
9.95 255.0969
9.96 255.0969
9.97 255.0969
9.98 255.0969
9.99 254.1776
10.00 253.2616
10.01 253.2616
10.02 252.3490
10.03 252.3490
10.04 249.6307
10.05 248.7311
10.06 244.2816
10.07 241.6502
10.08 239.9117
10.09 238.1857
10.10 235.6200
10.11 233.0819
10.12 231.4050
10.13 230.5711
10.14 230.5711
10.15 230.5711
10.16 231.4050
10.17 231.4050
10.18 231.4050
10.19 231.4050
10.20 231.4050
10.21 231.4050
10.22 231.4050
10.23 231.4050
10.24 231.4050
10.25 231.4050
10.26 231.4050
10.27 231.4050
10.28 231.4050
10.29 231.4050
10.30 231.4050
10.31 231.4050
10.32 231.4050
10.33 231.4050
10.34 231.4050
10.35 231.4050
10.36 231.4050
10.37 231.4050
10.38 231.4050
10.39 231.4050
10.40 231.4050
10.41 231.4050
10.42 231.4050
10.43 231.4050
10.44 231.4050
10.45 231.4050
10.46 231.4050
10.47 231.4050
10.48 230.5711
10.49 229.7402
10.50 228.9123
10.51 224.8174
10.52 217.6302
10.53 212.1993
10.54 202.4705
10.55 202.4705
10.56 202.4705
10.57 202.4705
10.58 203.2028
10.59 203.2028
10.60 203.2028
10.61 203.2028
10.62 203.9377
10.63 203.9377
10.64 203.9377
10.65 203.9377
10.66 203.9377
10.67 203.2028
10.68 203.2028
10.69 203.2028
10.70 203.2028
10.71 203.2028
10.72 203.2028
10.73 203.9377
10.74 203.9377
10.75 203.9377
10.76 203.9377
10.77 203.9377
10.78 203.9377
10.79 204.6753
10.80 204.6753
10.81 205.4155
10.82 205.4155
10.83 205.4155
10.84 205.4155
10.85 205.4155
10.86 205.4155
10.87 205.4155
10.88 205.4155
10.89 205.4155
10.90 205.4155
10.91 205.4155
10.92 205.4155
10.93 206.1584
10.94 206.1584
10.95 206.1584
10.96 206.1584
10.97 195.9977
10.98 195.9977
10.99 195.9977
11.00 195.9977
11.01 195.2914
11.02 195.2914
11.03 195.2914
11.04 195.2914
11.05 194.5877
11.06 194.5877
11.07 194.5877
11.08 194.5877
11.09 200.2895
11.10 200.2895
11.11 209.1571
11.12 209.1571
11.13 209.1571
11.14 209.1571
11.15 209.1571
11.16 211.4347
11.17 211.4347
11.18 211.4347
11.19 212.1993
11.20 212.1993
11.21 212.1993
11.22 212.1993
11.23 211.4347
11.24 211.4347
11.25 211.4347
11.26 210.6727
11.27 0.0000
11.28 0.0000
11.29 0.0000
11.30 0.0000
11.31 0.0000
11.32 0.0000
11.33 0.0000
11.34 0.0000
11.35 0.0000
11.36 0.0000
11.37 0.0000
11.38 0.0000
11.39 0.0000
11.40 0.0000
11.41 0.0000
11.42 206.1584
11.43 206.9040
11.44 206.9040
11.45 206.9040
11.46 206.9040
11.47 200.2895
11.48 199.5677
11.49 199.5677
11.50 200.2895
11.51 200.2895
11.52 206.1584
11.53 206.9040
11.54 207.6523
11.55 208.4034
11.56 208.4034
11.57 208.4034
11.58 208.4034
11.59 207.6523
11.60 207.6523
11.61 207.6523
11.62 207.6523
11.63 208.4034
11.64 208.4034
11.65 208.4034
11.66 209.9135
11.67 211.4347
11.68 211.4347
11.69 211.4347
11.70 212.1993
11.71 218.4173
11.72 220.0000
11.73 224.8174
11.74 228.9123
11.75 232.2419
11.76 235.6200
11.77 236.4721
11.78 236.4721
11.79 236.4721
11.80 236.4721
11.81 234.7709
11.82 233.9249
11.83 233.9249
11.84 233.0819
11.85 233.0819
11.86 233.0819
11.87 233.0819
11.88 233.0819
11.89 233.0819
11.90 233.0819
11.91 233.0819
11.92 233.0819
11.93 233.0819
11.94 233.0819
11.95 233.9249
11.96 233.9249
11.97 235.6200
11.98 236.4721
11.99 236.4721
12.00 236.4721
12.01 234.7709
12.02 233.9249
12.03 233.9249
12.04 0.0000
12.05 0.0000
12.06 0.0000
12.07 0.0000
12.08 0.0000
12.09 0.0000
12.10 0.0000
12.11 0.0000
12.12 0.0000
12.13 0.0000
12.14 0.0000
12.15 0.0000
12.16 0.0000
12.17 0.0000
12.18 0.0000
12.19 0.0000
12.20 0.0000
12.21 0.0000
12.22 0.0000
12.23 0.0000
12.24 0.0000
12.25 232.2419
12.26 233.0819
12.27 233.0819
12.28 233.9249
12.29 233.9249
12.30 233.9249
12.31 234.7709
12.32 238.1857
12.33 239.9117
12.34 243.4013
12.35 248.7311
12.36 249.6307
12.37 256.9454
12.38 259.7434
12.39 262.5718
12.40 265.4310
12.41 265.4310
12.42 265.4310
12.43 265.4310
12.44 265.4310
12.45 264.4745
12.46 263.5214
12.47 263.5214
12.48 262.5718
12.49 262.5718
12.50 261.6256
12.51 260.6828
12.52 260.6828
12.53 260.6828
12.54 260.6828
12.55 259.7434
12.56 259.7434
12.57 259.7434
12.58 259.7434
12.59 259.7434
12.60 259.7434
12.61 259.7434
12.62 260.6828
12.63 260.6828
12.64 260.6828
12.65 260.6828
12.66 260.6828
12.67 259.7434
12.68 259.7434
12.69 249.6307
12.70 249.6307
12.71 0.0000
12.72 0.0000
12.73 0.0000
12.74 0.0000
12.75 261.6256
12.76 265.4310
12.77 265.4310
12.78 265.4310
12.79 264.4745
12.80 263.5214
12.81 262.5718
12.82 262.5718
12.83 261.6256
12.84 259.7434
12.85 259.7434
12.86 259.7434
12.87 259.7434
12.88 259.7434
12.89 259.7434
12.90 259.7434
12.91 259.7434
12.92 259.7434
12.93 259.7434
12.94 259.7434
12.95 259.7434
12.96 258.8073
12.97 258.8073
12.98 258.8073
12.99 258.8073
13.00 258.8073
13.01 258.8073
13.02 258.8073
13.03 258.8073
13.04 258.8073
13.05 258.8073
13.06 258.8073
13.07 258.8073
13.08 257.8747
13.09 257.8747
13.10 257.8747
13.11 257.8747
13.12 257.8747
13.13 257.8747
13.14 257.8747
13.15 258.8073
13.16 258.8073
13.17 258.8073
13.18 259.7434
13.19 259.7434
13.20 259.7434
13.21 259.7434
13.22 259.7434
13.23 259.7434
13.24 259.7434
13.25 259.7434
13.26 258.8073
13.27 258.8073
13.28 258.8073
13.29 258.8073
13.30 258.8073
13.31 258.8073
13.32 258.8073
13.33 258.8073
13.34 258.8073
13.35 258.8073
13.36 258.8073
13.37 258.8073
13.38 258.8073
13.39 258.8073
13.40 258.8073
13.41 259.7434
13.42 259.7434
13.43 259.7434
13.44 259.7434
13.45 259.7434
13.46 259.7434
13.47 259.7434
13.48 258.8073
13.49 258.8073
13.50 258.8073
13.51 258.8073
13.52 259.7434
13.53 259.7434
13.54 259.7434
13.55 259.7434
13.56 259.7434
13.57 258.8073
13.58 258.8073
13.59 258.8073
13.60 259.7434
13.61 259.7434
13.62 259.7434
13.63 258.8073
13.64 257.8747
13.65 257.8747
13.66 257.8747
13.67 258.8073
13.68 258.8073
13.69 258.8073
13.70 258.8073
13.71 259.7434
13.72 259.7434
13.73 259.7434
13.74 260.6828
13.75 263.5214
13.76 263.5214
13.77 263.5214
13.78 263.5214
13.79 262.5718
13.80 261.6256
13.81 260.6828
13.82 260.6828
13.83 259.7434
13.84 259.7434
13.85 258.8073
13.86 258.8073
13.87 258.8073
13.88 258.8073
13.89 258.8073
13.90 258.8073
13.91 258.8073
13.92 258.8073
13.93 258.8073
13.94 258.8073
13.95 258.8073
13.96 258.8073
13.97 258.8073
13.98 258.8073
13.99 258.8073
14.00 258.8073
14.01 258.8073
14.02 258.8073
14.03 258.8073
14.04 258.8073
14.05 258.8073
14.06 258.8073
14.07 258.8073
14.08 258.8073
14.09 259.7434
14.10 259.7434
14.11 259.7434
14.12 259.7434
14.13 259.7434
14.14 259.7434
14.15 258.8073
14.16 257.8747
14.17 257.8747
14.18 257.8747
14.19 257.8747
14.20 257.8747
14.21 258.8073
14.22 259.7434
14.23 259.7434
14.24 260.6828
14.25 260.6828
14.26 260.6828
14.27 260.6828
14.28 260.6828
14.29 260.6828
14.30 260.6828
14.31 260.6828
14.32 260.6828
14.33 260.6828
14.34 260.6828
14.35 260.6828
14.36 260.6828
14.37 259.7434
14.38 259.7434
14.39 259.7434
14.40 259.7434
14.41 259.7434
14.42 259.7434
14.43 259.7434
14.44 259.7434
14.45 259.7434
14.46 259.7434
14.47 259.7434
14.48 259.7434
14.49 259.7434
14.50 259.7434
14.51 258.8073
14.52 258.8073
14.53 0.0000
14.54 0.0000
14.55 0.0000
14.56 0.0000
14.57 0.0000
14.58 0.0000
14.59 0.0000
14.60 0.0000
14.61 0.0000
14.62 0.0000
14.63 0.0000
14.64 0.0000
14.65 0.0000
14.66 0.0000
14.67 0.0000
14.68 0.0000
14.69 0.0000
14.70 0.0000
14.71 0.0000
14.72 0.0000
14.73 0.0000
14.74 0.0000
14.75 266.3910
14.76 266.3910
14.77 266.3910
14.78 265.4310
14.79 263.5214
14.80 262.5718
14.81 261.6256
14.82 260.6828
14.83 260.6828
14.84 260.6828
14.85 259.7434
14.86 259.7434
14.87 259.7434
14.88 259.7434
14.89 259.7434
14.90 259.7434
14.91 259.7434
14.92 259.7434
14.93 259.7434
14.94 260.6828
14.95 260.6828
14.96 260.6828
14.97 260.6828
14.98 259.7434
14.99 259.7434
15.00 259.7434
15.01 259.7434
15.02 259.7434
15.03 260.6828
15.04 260.6828
15.05 260.6828
15.06 260.6828
15.07 260.6828
15.08 260.6828
15.09 260.6828
15.10 260.6828
15.11 260.6828
15.12 260.6828
15.13 260.6828
15.14 259.7434
15.15 259.7434
15.16 259.7434
15.17 258.8073
15.18 258.8073
15.19 256.0195
15.20 256.0195
15.21 256.0195
15.22 255.0969
15.23 255.0969
15.24 255.0969
15.25 256.0195
15.26 256.9454
15.27 259.7434
15.28 261.6256
15.29 262.5718
15.30 262.5718
15.31 262.5718
15.32 261.6256
15.33 260.6828
15.34 259.7434
15.35 259.7434
15.36 259.7434
15.37 259.7434
15.38 259.7434
15.39 259.7434
15.40 259.7434
15.41 259.7434
15.42 259.7434
15.43 259.7434
15.44 259.7434
15.45 259.7434
15.46 259.7434
15.47 259.7434
15.48 259.7434
15.49 259.7434
15.50 259.7434
15.51 259.7434
15.52 259.7434
15.53 259.7434
15.54 259.7434
15.55 259.7434
15.56 259.7434
15.57 259.7434
15.58 259.7434
15.59 259.7434
15.60 259.7434
15.61 259.7434
15.62 259.7434
15.63 259.7434
15.64 259.7434
15.65 259.7434
15.66 258.8073
15.67 258.8073
15.68 258.8073
15.69 258.8073
15.70 258.8073
15.71 249.6307
15.72 249.6307
15.73 249.6307
15.74 249.6307
15.75 259.7434
15.76 259.7434
15.77 262.5718
15.78 263.5214
15.79 263.5214
15.80 263.5214
15.81 261.6256
15.82 261.6256
15.83 260.6828
15.84 260.6828
15.85 259.7434
15.86 259.7434
15.87 259.7434
15.88 259.7434
15.89 259.7434
15.90 259.7434
15.91 260.6828
15.92 260.6828
15.93 261.6256
15.94 262.5718
15.95 262.5718
15.96 262.5718
15.97 262.5718
15.98 261.6256
15.99 261.6256
16.00 261.6256
16.01 0.0000
16.02 0.0000
16.03 0.0000
16.04 0.0000
16.05 0.0000
16.06 0.0000
16.07 0.0000
16.08 0.0000
16.09 0.0000
16.10 0.0000
16.11 0.0000
16.12 0.0000
16.13 0.0000
16.14 0.0000
16.15 0.0000
16.16 0.0000
16.17 0.0000
16.18 0.0000
16.19 0.0000
16.20 0.0000
16.21 0.0000
16.22 0.0000
16.23 259.7434
16.24 259.7434
16.25 259.7434
16.26 259.7434
16.27 259.7434
16.28 259.7434
16.29 258.8073
16.30 257.8747
16.31 256.9454
16.32 256.9454
16.33 256.9454
16.34 256.9454
16.35 256.9454
16.36 257.8747
16.37 257.8747
16.38 258.8073
16.39 258.8073
16.40 258.8073
16.41 258.8073
16.42 258.8073
16.43 259.7434
16.44 259.7434
16.45 259.7434
16.46 259.7434
16.47 259.7434
16.48 259.7434
16.49 259.7434
16.50 259.7434
16.51 258.8073
16.52 258.8073
16.53 258.8073
16.54 257.8747
16.55 257.8747
16.56 257.8747
16.57 257.8747
16.58 257.8747
16.59 257.8747
16.60 258.8073
16.61 259.7434
16.62 259.7434
16.63 260.6828
16.64 261.6256
16.65 261.6256
16.66 261.6256
16.67 261.6256
16.68 261.6256
16.69 261.6256
16.70 261.6256
16.71 260.6828
16.72 0.0000
16.73 0.0000
16.74 0.0000
16.75 0.0000
16.76 0.0000
16.77 0.0000
16.78 0.0000
16.79 0.0000
16.80 0.0000
16.81 0.0000
16.82 0.0000
16.83 0.0000
16.84 0.0000
16.85 0.0000
16.86 0.0000
16.87 0.0000
16.88 0.0000
16.89 0.0000
16.90 0.0000
16.91 0.0000
16.92 0.0000
16.93 0.0000
16.94 0.0000
16.95 0.0000
16.96 0.0000
16.97 0.0000
16.98 0.0000
16.99 0.0000
17.00 0.0000
17.01 0.0000
17.02 0.0000
17.03 0.0000
17.04 0.0000
17.05 0.0000
17.06 0.0000
17.07 0.0000
17.08 0.0000
17.09 0.0000
17.10 0.0000
17.11 0.0000
17.12 0.0000
17.13 0.0000
17.14 0.0000
17.15 0.0000
17.16 0.0000
17.17 0.0000
17.18 0.0000
17.19 0.0000
17.20 0.0000
17.21 0.0000
17.22 0.0000
17.23 0.0000
17.24 0.0000
17.25 0.0000
17.26 193.1877
17.27 195.9977
17.28 198.1320
17.29 200.2895
17.30 203.9377
17.31 206.1584
17.32 206.9040
17.33 207.6523
17.34 207.6523
17.35 207.6523
17.36 206.9040
17.37 206.9040
17.38 206.9040
17.39 206.9040
17.40 206.9040
17.41 206.9040
17.42 207.6523
17.43 207.6523
17.44 208.4034
17.45 208.4034
17.46 208.4034
17.47 208.4034
17.48 208.4034
17.49 208.4034
17.50 208.4034
17.51 207.6523
17.52 206.9040
17.53 206.1584
17.54 206.1584
17.55 206.1584
17.56 206.1584
17.57 206.1584
17.58 206.1584
17.59 206.1584
17.60 206.9040
17.61 206.9040
17.62 206.9040
17.63 206.9040
17.64 206.9040
17.65 206.9040
17.66 207.6523
17.67 209.1571
17.68 209.1571
17.69 209.1571
17.70 208.4034
17.71 208.4034
17.72 207.6523
17.73 206.9040
17.74 206.1584
17.75 206.1584
17.76 206.1584
17.77 206.1584
17.78 206.1584
17.79 205.4155
17.80 205.4155
17.81 205.4155
17.82 206.1584
17.83 206.1584
17.84 206.9040
17.85 208.4034
17.86 212.1993
17.87 217.6302
17.88 221.5942
17.89 224.8174
17.90 228.0874
17.91 230.5711
17.92 232.2419
17.93 233.0819
17.94 234.7709
17.95 234.7709
17.96 234.7709
17.97 234.7709
17.98 0.0000
17.99 0.0000
18.00 0.0000
18.01 0.0000
18.02 0.0000
18.03 0.0000
18.04 0.0000
18.05 0.0000
18.06 0.0000
18.07 0.0000
18.08 0.0000
18.09 0.0000
18.10 0.0000
18.11 0.0000
18.12 0.0000
18.13 0.0000
18.14 0.0000
18.15 0.0000
18.16 0.0000
18.17 0.0000
18.18 0.0000
18.19 0.0000
18.20 0.0000
18.21 0.0000
18.22 0.0000
18.23 0.0000
18.24 0.0000
18.25 0.0000
18.26 0.0000
18.27 0.0000
18.28 0.0000
18.29 198.8486
18.30 198.8486
18.31 198.8486
18.32 198.8486
18.33 198.8486
18.34 198.8486
18.35 198.8486
18.36 198.8486
18.37 199.5677
18.38 199.5677
18.39 199.5677
18.40 199.5677
18.41 199.5677
18.42 199.5677
18.43 199.5677
18.44 199.5677
18.45 199.5677
18.46 198.8486
18.47 198.8486
18.48 198.1320
18.49 198.1320
18.50 198.1320
18.51 198.1320
18.52 197.4180
18.53 196.7066
18.54 195.2914
18.55 195.2914
18.56 195.2914
18.57 195.2914
18.58 195.2914
18.59 195.2914
18.60 194.5877
18.61 194.5877
18.62 194.5877
18.63 195.2914
18.64 195.2914
18.65 195.2914
18.66 195.2914
18.67 195.2914
18.68 194.5877
18.69 194.5877
18.70 194.5877
18.71 195.2914
18.72 195.2914
18.73 195.2914
18.74 195.2914
18.75 195.2914
18.76 195.2914
18.77 195.2914
18.78 195.2914
18.79 195.9977
18.80 195.9977
18.81 195.9977
18.82 195.9977
18.83 195.9977
18.84 195.9977
18.85 195.2914
18.86 195.2914
18.87 195.2914
18.88 195.2914
18.89 195.9977
18.90 195.9977
18.91 198.1320
18.92 198.1320
18.93 198.1320
18.94 198.1320
18.95 198.1320
18.96 198.1320
18.97 198.1320
18.98 198.1320
18.99 198.8486
19.00 198.8486
19.01 198.8486
19.02 198.1320
19.03 197.4180
19.04 196.7066
19.05 195.9977
19.06 195.9977
19.07 195.2914
19.08 195.2914
19.09 195.2914
19.10 194.5877
19.11 194.5877
19.12 194.5877
19.13 194.5877
19.14 193.8864
19.15 193.8864
19.16 193.8864
19.17 194.5877
19.18 195.2914
19.19 195.9977
19.20 195.9977
19.21 195.9977
19.22 198.1320
19.23 199.5677
19.24 0.0000
19.25 0.0000
19.26 0.0000
19.27 0.0000
19.28 0.0000
19.29 0.0000
19.30 0.0000
19.31 0.0000
19.32 0.0000
19.33 0.0000
19.34 0.0000
19.35 0.0000
19.36 0.0000
19.37 0.0000
19.38 0.0000
19.39 0.0000
19.40 0.0000
19.41 0.0000
19.42 0.0000
19.43 0.0000
19.44 0.0000
19.45 0.0000
19.46 0.0000
19.47 0.0000
19.48 0.0000
19.49 0.0000
19.50 0.0000
19.51 0.0000
19.52 0.0000
