0.00 0.0000
0.01 0.0000
0.02 0.0000
0.03 0.0000
0.04 0.0000
0.05 0.0000
0.06 0.0000
0.07 0.0000
0.08 0.0000
0.09 0.0000
0.10 219.2072
0.11 219.2072
0.12 219.2072
0.13 219.2072
0.14 219.2072
0.15 219.2072
0.16 249.6307
0.17 259.7434
0.18 272.2242
0.19 278.1851
0.20 287.3721
0.21 288.4115
0.22 293.6648
0.23 302.2698
0.24 303.3630
0.25 304.4602
0.26 305.5613
0.27 305.5613
0.28 306.6664
0.29 306.6664
0.30 307.7755
0.31 307.7755
0.32 307.7755
0.33 307.7755
0.34 310.0058
0.35 320.2437
0.36 329.6276
0.37 332.0162
0.38 333.2170
0.39 334.4221
0.40 334.4221
0.41 334.4221
0.42 334.4221
0.43 334.4221
0.44 334.4221
0.45 334.4221
0.46 333.2170
0.47 333.2170
0.48 332.0162
0.49 330.8197
0.50 330.8197
0.51 0.0000
0.52 0.0000
0.53 0.0000
0.54 0.0000
0.55 0.0000
0.56 0.0000
0.57 0.0000
0.58 0.0000
0.59 0.0000
0.60 0.0000
0.61 0.0000
0.62 369.9944
0.63 369.9944
0.64 369.9944
0.65 369.9944
0.66 369.9944
0.67 369.9944
0.68 369.9944
0.69 369.9944
0.70 369.9944
0.71 369.9944
0.72 368.6611
0.73 368.6611
0.74 368.6611
0.75 368.6611
0.76 368.6611
0.77 367.3326
0.78 367.3326
0.79 367.3326
0.80 367.3326
0.81 367.3326
0.82 367.3326
0.83 367.3326
0.84 367.3326
0.85 368.6611
0.86 368.6611
0.87 368.6611
0.88 368.6611
0.89 368.6611
0.90 368.6611
0.91 368.6611
0.92 369.9944
0.93 369.9944
0.94 371.3326
0.95 371.3326
0.96 371.3326
0.97 371.3326
0.98 371.3326
0.99 369.9944
1.00 369.9944
1.01 369.9944
1.02 369.9944
1.03 369.9944
1.04 369.9944
1.05 369.9944
1.06 369.9944
1.07 368.6611
1.08 368.6611
1.09 367.3326
1.10 367.3326
1.11 367.3326
1.12 367.3326
1.13 367.3326
1.14 367.3326
1.15 367.3326
1.16 367.3326
1.17 367.3326
1.18 367.3326
1.19 367.3326
1.20 367.3326
1.21 367.3326
1.22 367.3326
1.23 367.3326
1.24 367.3326
1.25 367.3326
1.26 367.3326
1.27 368.6611
1.28 369.9944
1.29 369.9944
1.30 369.9944
1.31 369.9944
1.32 367.3326
1.33 367.3326
1.34 363.3757
1.35 363.3757
1.36 363.3757
1.37 364.6899
1.38 364.6899
1.39 364.6899
1.40 364.6899
1.41 364.6899
1.42 363.3757
1.43 363.3757
1.44 363.3757
1.45 359.4614
1.46 0.0000
1.47 0.0000
1.48 0.0000
1.49 0.0000
1.50 0.0000
1.51 0.0000
1.52 0.0000
1.53 0.0000
1.54 0.0000
1.55 0.0000
1.56 291.5521
1.57 291.5521
1.58 291.5521
1.59 291.5521
1.60 291.5521
1.61 291.5521
1.62 292.6065
1.63 292.6065
1.64 293.6648
1.65 294.7269
1.66 295.7928
1.67 296.8626
1.68 296.8626
1.69 297.9362
1.70 297.9362
1.71 297.9362
1.72 297.9362
1.73 297.9362
1.74 293.6648
1.75 291.5521
1.76 290.5014
1.77 0.0000
1.78 0.0000
1.79 0.0000
1.80 0.0000
1.81 0.0000
1.82 0.0000
1.83 0.0000
1.84 0.0000
1.85 0.0000
1.86 0.0000
1.87 0.0000
1.88 0.0000
1.89 0.0000
1.90 0.0000
1.91 0.0000
1.92 0.0000
1.93 0.0000
1.94 0.0000
1.95 0.0000
1.96 0.0000
1.97 0.0000
1.98 244.2816
1.99 245.1651
2.00 245.1651
2.01 246.0518
2.02 246.0518
2.03 247.8348
2.04 247.8348
2.05 247.8348
2.06 247.8348
2.07 247.8348
2.08 247.8348
2.09 247.8348
2.10 246.0518
2.11 0.0000
2.12 0.0000
2.13 0.0000
2.14 0.0000
2.15 0.0000
2.16 0.0000
2.17 0.0000
2.18 0.0000
2.19 0.0000
2.20 0.0000
2.21 0.0000
2.22 0.0000
2.23 0.0000
2.24 0.0000
2.25 0.0000
2.26 0.0000
2.27 0.0000
2.28 283.2521
2.29 283.2521
2.30 283.2521
2.31 282.2314
2.32 281.2143
2.33 281.2143
2.34 280.2010
2.35 280.2010
2.36 279.1912
2.37 279.1912
2.38 279.1912
2.39 278.1851
2.40 278.1851
2.41 278.1851
2.42 278.1851
2.43 278.1851
2.44 278.1851
2.45 278.1851
2.46 278.1851
2.47 278.1851
2.48 278.1851
2.49 278.1851
2.50 278.1851
2.51 278.1851
2.52 278.1851
2.53 278.1851
2.54 278.1851
2.55 278.1851
2.56 278.1851
2.57 277.1826
2.58 277.1826
2.59 277.1826
2.60 278.1851
2.61 278.1851
2.62 278.1851
2.63 279.1912
2.64 279.1912
2.65 280.2010
2.66 280.2010
2.67 281.2143
2.68 281.2143
2.69 281.2143
2.70 281.2143
2.71 281.2143
2.72 281.2143
2.73 279.1912
2.74 278.1851
2.75 0.0000
2.76 0.0000
2.77 0.0000
2.78 0.0000
2.79 0.0000
2.80 0.0000
2.81 0.0000
2.82 0.0000
2.83 0.0000
2.84 0.0000
2.85 0.0000
2.86 0.0000
2.87 0.0000
2.88 0.0000
2.89 0.0000
2.90 0.0000
2.91 0.0000
2.92 0.0000
2.93 0.0000
2.94 0.0000
2.95 0.0000
2.96 0.0000
2.97 0.0000
2.98 0.0000
2.99 0.0000
3.00 0.0000
3.01 0.0000
3.02 0.0000
3.03 0.0000
3.04 0.0000
3.05 0.0000
3.06 0.0000
3.07 0.0000
3.08 0.0000
3.09 0.0000
3.10 0.0000
3.11 0.0000
3.12 0.0000
3.13 0.0000
3.14 0.0000
3.15 0.0000
3.16 0.0000
3.17 0.0000
3.18 0.0000
3.19 0.0000
3.20 0.0000
3.21 0.0000
3.22 0.0000
3.23 0.0000
3.24 0.0000
3.25 0.0000
3.26 0.0000
3.27 0.0000
3.28 0.0000
3.29 0.0000
3.30 0.0000
3.31 0.0000
3.32 0.0000
3.33 0.0000
3.34 0.0000
3.35 0.0000
3.36 0.0000
3.37 0.0000
3.38 0.0000
3.39 0.0000
3.40 0.0000
3.41 0.0000
3.42 0.0000
3.43 0.0000
3.44 0.0000
3.45 0.0000
3.46 266.3910
3.47 278.1851
3.48 278.1851
3.49 283.2521
3.50 284.2766
3.51 284.2766
3.52 284.2766
3.53 284.2766
3.54 285.3047
3.55 285.3047
3.56 285.3047
3.57 287.3721
3.58 288.4115
3.59 288.4115
3.60 288.4115
3.61 289.4546
3.62 291.5521
3.63 297.9362
3.64 300.0952
3.65 300.0952
3.66 300.0952
3.67 299.0138
3.68 299.0138
3.69 299.0138
3.70 297.9362
3.71 297.9362
3.72 297.9362
3.73 297.9362
3.74 297.9362
3.75 299.0138
3.76 300.0952
3.77 301.1805
3.78 301.1805
3.79 301.1805
3.80 299.0138
3.81 293.6648
3.82 290.5014
3.83 288.4115
3.84 287.3721
3.85 287.3721
3.86 287.3721
3.87 288.4115
3.88 292.6065
3.89 297.9362
3.90 300.0952
3.91 301.1805
3.92 301.1805
3.93 302.2698
3.94 303.3630
3.95 303.3630
3.96 303.3630
3.97 302.2698
3.98 302.2698
3.99 302.2698
4.00 302.2698
4.01 302.2698
4.02 302.2698
4.03 303.3630
4.04 303.3630
4.05 308.8886
4.06 316.7940
4.07 319.0897
4.08 328.4397
4.09 332.0162
4.10 333.2170
4.11 333.2170
4.12 333.2170
4.13 332.0162
4.14 332.0162
4.15 332.0162
4.16 330.8197
4.17 330.8197
4.18 330.8197
4.19 330.8197
4.20 332.0162
4.21 332.0162
4.22 332.0162
4.23 332.0162
4.24 332.0162
4.25 332.0162
4.26 332.0162
4.27 332.0162
4.28 332.0162
4.29 332.0162
4.30 332.0162
4.31 332.0162
4.32 332.0162
4.33 332.0162
4.34 333.2170
4.35 333.2170
4.36 333.2170
4.37 333.2170
4.38 333.2170
4.39 333.2170
4.40 333.2170
4.41 333.2170
4.42 333.2170
4.43 333.2170
4.44 334.4221
4.45 334.4221
4.46 334.4221
4.47 334.4221
4.48 334.4221
4.49 335.6316
4.50 335.6316
4.51 335.6316
4.52 335.6316
4.53 335.6316
4.54 335.6316
4.55 335.6316
4.56 335.6316
4.57 335.6316
4.58 335.6316
4.59 335.6316
4.60 335.6316
4.61 336.8455
4.62 336.8455
4.63 336.8455
4.64 335.6316
4.65 0.0000
4.66 0.0000
4.67 0.0000
4.68 0.0000
4.69 0.0000
4.70 0.0000
4.71 0.0000
4.72 0.0000
4.73 0.0000
4.74 0.0000
4.75 0.0000
4.76 0.0000
4.77 0.0000
4.78 0.0000
4.79 0.0000
4.80 0.0000
4.81 0.0000
4.82 249.6307
4.83 254.1776
4.84 256.0195
4.85 256.9454
4.86 256.9454
4.87 256.9454
4.88 256.9454
4.89 256.9454
4.90 256.9454
4.91 256.9454
4.92 256.9454
4.93 259.7434
4.94 262.5718
4.95 266.3910
4.96 272.2242
4.97 277.1826
4.98 279.1912
4.99 281.2143
5.00 281.2143
5.01 281.2143
5.02 281.2143
5.03 280.2010
5.04 280.2010
5.05 280.2010
5.06 280.2010
5.07 280.2010
5.08 280.2010
5.09 280.2010
5.10 280.2010
5.11 280.2010
5.12 280.2010
5.13 279.1912
5.14 278.1851
5.15 278.1851
5.16 277.1826
5.17 272.2242
5.18 266.3910
5.19 259.7434
5.20 249.6307
5.21 248.7311
5.22 240.7794
5.23 239.9117
5.24 233.0819
5.25 225.6305
5.26 221.5942
5.27 220.7957
5.28 220.7957
5.29 220.7957
5.30 221.5942
5.31 222.3956
5.32 223.2000
5.33 224.8174
5.34 224.8174
5.35 225.6305
5.36 225.6305
5.37 226.4465
5.38 227.2655
5.39 227.2655
5.40 227.2655
5.41 227.2655
5.42 227.2655
5.43 228.0874
5.44 228.9123
5.45 232.2419
5.46 233.0819
5.47 249.6307
5.48 259.7434
5.49 266.3910
5.50 272.2242
5.51 278.1851
5.52 284.2766
5.53 287.3721
5.54 287.3721
5.55 287.3721
5.56 287.3721
5.57 284.2766
5.58 277.1826
5.59 277.1826
5.60 271.2432
5.61 260.6828
5.62 255.0969
5.63 248.7311
5.64 248.7311
5.65 248.7311
5.66 248.7311
5.67 248.7311
5.68 248.7311
5.69 248.7311
5.70 248.7311
5.71 247.8348
5.72 246.9417
5.73 245.1651
5.74 243.4013
5.75 243.4013
5.76 242.5242
5.77 242.5242
5.78 242.5242
5.79 242.5242
5.80 243.4013
5.81 248.7311
5.82 253.2616
5.83 255.0969
5.84 255.0969
5.85 255.0969
5.86 255.0969
5.87 254.1776
5.88 249.6307
5.89 248.7311
5.90 247.8348
5.91 243.4013
5.92 240.7794
5.93 240.7794
5.94 240.7794
5.95 241.6502
5.96 242.5242
5.97 245.1651
5.98 249.6307
5.99 254.1776
6.00 255.0969
6.01 255.0969
6.02 255.0969
6.03 254.1776
6.04 253.2616
6.05 249.6307
6.06 248.7311
6.07 243.4013
6.08 243.4013
6.09 243.4013
6.10 243.4013
6.11 248.7311
6.12 249.6307
6.13 250.5335
6.14 252.3490
6.15 252.3490
6.16 252.3490
6.17 249.6307
6.18 248.7311
6.19 248.7311
6.20 246.9417
6.21 246.0518
6.22 245.1651
6.23 243.4013
6.24 243.4013
6.25 243.4013
6.26 243.4013
6.27 0.0000
6.28 0.0000
6.29 0.0000
6.30 0.0000
6.31 0.0000
6.32 0.0000
6.33 0.0000
6.34 0.0000
6.35 0.0000
6.36 0.0000
6.37 0.0000
6.38 0.0000
6.39 0.0000
6.40 0.0000
6.41 0.0000
6.42 0.0000
6.43 0.0000
6.44 0.0000
6.45 0.0000
6.46 0.0000
6.47 0.0000
6.48 0.0000
6.49 0.0000
6.50 0.0000
6.51 0.0000
6.52 0.0000
6.53 0.0000
6.54 0.0000
6.55 0.0000
6.56 0.0000
6.57 0.0000
6.58 0.0000
6.59 0.0000
6.60 0.0000
6.61 0.0000
6.62 0.0000
6.63 0.0000
6.64 0.0000
6.65 0.0000
6.66 0.0000
6.67 0.0000
6.68 0.0000
6.69 0.0000
6.70 0.0000
6.71 0.0000
6.72 0.0000
6.73 0.0000
6.74 0.0000
6.75 0.0000
6.76 0.0000
6.77 0.0000
6.78 246.0518
6.79 246.0518
6.80 246.9417
6.81 247.8348
6.82 247.8348
6.83 247.8348
6.84 248.7311
6.85 248.7311
6.86 248.7311
6.87 248.7311
6.88 248.7311
6.89 248.7311
6.90 248.7311
6.91 248.7311
6.92 248.7311
6.93 248.7311
6.94 248.7311
6.95 248.7311
6.96 248.7311
6.97 0.0000
6.98 0.0000
6.99 0.0000
7.00 0.0000
7.01 0.0000
7.02 0.0000
7.03 0.0000
7.04 0.0000
7.05 0.0000
7.06 0.0000
7.07 0.0000
7.08 0.0000
7.09 0.0000
7.10 0.0000
7.11 0.0000
7.12 0.0000
7.13 0.0000
7.14 0.0000
7.15 277.1826
7.16 277.1826
7.17 277.1826
7.18 277.1826
7.19 277.1826
7.20 277.1826
7.21 277.1826
7.22 276.1838
7.23 276.1838
7.24 276.1838
7.25 276.1838
7.26 276.1838
7.27 276.1838
7.28 276.1838
7.29 0.0000
7.30 0.0000
7.31 0.0000
7.32 0.0000
7.33 0.0000
7.34 0.0000
7.35 0.0000
7.36 0.0000
7.37 0.0000
7.38 0.0000
7.39 0.0000
7.40 0.0000
7.41 0.0000
7.42 0.0000
7.43 0.0000
7.44 0.0000
7.45 0.0000
7.46 0.0000
7.47 0.0000
7.48 0.0000
7.49 0.0000
7.50 0.0000
7.51 0.0000
7.52 0.0000
7.53 0.0000
7.54 0.0000
7.55 0.0000
7.56 0.0000
7.57 297.9362
7.58 297.9362
7.59 297.9362
7.60 297.9362
7.61 296.8626
7.62 294.7269
7.63 292.6065
7.64 292.6065
7.65 292.6065
7.66 292.6065
7.67 292.6065
7.68 293.6648
7.69 293.6648
7.70 294.7269
7.71 295.7928
7.72 295.7928
7.73 295.7928
7.74 296.8626
7.75 296.8626
7.76 295.7928
7.77 295.7928
7.78 294.7269
7.79 294.7269
7.80 294.7269
7.81 294.7269
7.82 294.7269
7.83 293.6648
7.84 293.6648
7.85 293.6648
7.86 293.6648
7.87 293.6648
7.88 293.6648
7.89 293.6648
7.90 293.6648
7.91 293.6648
7.92 293.6648
7.93 294.7269
7.94 294.7269
7.95 294.7269
7.96 293.6648
7.97 293.6648
7.98 292.6065
7.99 291.5521
8.00 289.4546
8.01 288.4115
8.02 278.1851
8.03 278.1851
8.04 259.7434
8.05 259.7434
8.06 249.6307
8.07 249.6307
8.08 249.6307
8.09 249.6307
8.10 249.6307
8.11 249.6307
8.12 249.6307
8.13 250.5335
8.14 250.5335
8.15 250.5335
8.16 251.4396
8.17 251.4396
8.18 251.4396
8.19 251.4396
8.20 250.5335
8.21 250.5335
8.22 250.5335
8.23 250.5335
8.24 250.5335
8.25 250.5335
8.26 250.5335
8.27 250.5335
8.28 250.5335
8.29 249.6307
8.30 249.6307
8.31 249.6307
8.32 249.6307
8.33 248.7311
8.34 248.7311
8.35 247.8348
8.36 247.8348
8.37 0.0000
8.38 0.0000
8.39 0.0000
8.40 0.0000
8.41 0.0000
8.42 0.0000
8.43 0.0000
8.44 0.0000
8.45 0.0000
8.46 0.0000
8.47 0.0000
8.48 0.0000
8.49 0.0000
8.50 0.0000
8.51 0.0000
8.52 272.2242
8.53 272.2242
8.54 272.2242
8.55 273.2087
8.56 273.2087
8.57 274.1968
8.58 274.1968
8.59 275.1885
8.60 276.1838
8.61 276.1838
8.62 276.1838
8.63 277.1826
8.64 277.1826
8.65 277.1826
8.66 277.1826
8.67 277.1826
8.68 277.1826
8.69 277.1826
8.70 277.1826
8.71 277.1826
8.72 277.1826
8.73 277.1826
8.74 0.0000
8.75 0.0000
8.76 0.0000
8.77 0.0000
8.78 0.0000
8.79 0.0000
8.80 0.0000
8.81 0.0000
8.82 0.0000
8.83 0.0000
8.84 0.0000
8.85 0.0000
8.86 0.0000
8.87 0.0000
8.88 0.0000
8.89 0.0000
8.90 0.0000
8.91 0.0000
8.92 0.0000
8.93 0.0000
8.94 0.0000
8.95 0.0000
8.96 293.6648
8.97 293.6648
8.98 293.6648
8.99 293.6648
9.00 293.6648
9.01 294.7269
9.02 294.7269
9.03 295.7928
9.04 295.7928
9.05 295.7928
9.06 295.7928
9.07 296.8626
9.08 296.8626
9.09 296.8626
9.10 296.8626
9.11 295.7928
9.12 294.7269
9.13 292.6065
9.14 289.4546
9.15 278.1851
9.16 278.1851
9.17 266.3910
9.18 260.6828
9.19 259.7434
9.20 259.7434
9.21 259.7434
9.22 254.1776
9.23 248.7311
9.24 243.4013
9.25 243.4013
9.26 242.5242
9.27 242.5242
9.28 242.5242
9.29 242.5242
9.30 242.5242
9.31 242.5242
9.32 243.4013
9.33 243.4013
9.34 243.4013
9.35 243.4013
9.36 243.4013
9.37 244.2816
9.38 245.1651
9.39 245.1651
9.40 246.0518
9.41 246.0518
9.42 246.0518
9.43 246.0518
9.44 246.0518
9.45 246.0518
9.46 246.0518
9.47 246.0518
9.48 246.0518
9.49 246.9417
9.50 246.9417
9.51 246.9417
9.52 246.9417
9.53 246.9417
9.54 246.9417
9.55 246.9417
9.56 246.9417
9.57 246.9417
9.58 246.9417
9.59 246.9417
9.60 0.0000
9.61 0.0000
9.62 0.0000
9.63 0.0000
9.64 0.0000
9.65 0.0000
9.66 0.0000
9.67 0.0000
9.68 0.0000
9.69 0.0000
9.70 0.0000
9.71 0.0000
9.72 0.0000
9.73 0.0000
9.74 0.0000
9.75 0.0000
9.76 0.0000
9.77 0.0000
9.78 0.0000
9.79 0.0000
9.80 0.0000
9.81 242.5242
9.82 242.5242
9.83 242.5242
9.84 240.7794
9.85 239.9117
9.86 239.9117
9.87 239.9117
9.88 241.6502
9.89 241.6502
9.90 243.4013
9.91 247.8348
9.92 247.8348
9.93 247.8348
9.94 247.8348
9.95 247.8348
9.96 246.9417
9.97 246.9417
9.98 246.9417
9.99 246.0518
10.00 246.0518
10.01 246.0518
10.02 246.0518
10.03 246.0518
10.04 246.0518
10.05 246.0518
10.06 246.0518
10.07 248.7311
10.08 249.6307
10.09 254.1776
10.10 259.7434
10.11 266.3910
10.12 271.2432
10.13 278.1851
10.14 278.1851
10.15 278.1851
10.16 278.1851
10.17 278.1851
10.18 278.1851
10.19 278.1851
10.20 277.1826
10.21 277.1826
10.22 277.1826
10.23 277.1826
10.24 277.1826
10.25 277.1826
10.26 279.1912
10.27 281.2143
10.28 282.2314
10.29 282.2314
10.30 282.2314
10.31 281.2143
10.32 278.1851
10.33 277.1826
10.34 276.1838
10.35 275.1885
10.36 275.1885
10.37 275.1885
10.38 276.1838
10.39 278.1851
10.40 283.2521
10.41 287.3721
10.42 292.6065
10.43 294.7269
10.44 296.8626
10.45 296.8626
10.46 296.8626
10.47 296.8626
10.48 295.7928
10.49 294.7269
10.50 294.7269
10.51 294.7269
10.52 293.6648
10.53 293.6648
10.54 292.6065
10.55 292.6065
10.56 292.6065
10.57 292.6065
10.58 293.6648
10.59 293.6648
10.60 294.7269
10.61 294.7269
10.62 294.7269
10.63 294.7269
10.64 294.7269
10.65 294.7269
10.66 294.7269
10.67 293.6648
10.68 292.6065
10.69 291.5521
10.70 291.5521
10.71 290.5014
10.72 289.4546
10.73 288.4115
10.74 287.3721
10.75 0.0000
10.76 0.0000
10.77 0.0000
10.78 0.0000
10.79 0.0000
10.80 0.0000
10.81 0.0000
10.82 0.0000
10.83 0.0000
10.84 0.0000
10.85 0.0000
10.86 0.0000
10.87 0.0000
10.88 0.0000
10.89 0.0000
10.90 0.0000
10.91 0.0000
10.92 0.0000
10.93 0.0000
10.94 0.0000
10.95 0.0000
10.96 0.0000
10.97 0.0000
10.98 0.0000
10.99 0.0000
11.00 0.0000
11.01 0.0000
11.02 0.0000
11.03 0.0000
11.04 0.0000
11.05 0.0000
11.06 0.0000
11.07 0.0000
11.08 0.0000
11.09 0.0000
11.10 0.0000
11.11 0.0000
11.12 0.0000
11.13 0.0000
11.14 0.0000
11.15 0.0000
11.16 0.0000
11.17 0.0000
11.18 0.0000
11.19 0.0000
11.20 0.0000
11.21 0.0000
11.22 0.0000
11.23 0.0000
11.24 0.0000
11.25 0.0000
11.26 0.0000
11.27 0.0000
11.28 0.0000
11.29 0.0000
11.30 0.0000
11.31 0.0000
11.32 0.0000
11.33 0.0000
11.34 0.0000
11.35 0.0000
11.36 0.0000
11.37 0.0000
11.38 0.0000
11.39 0.0000
11.40 0.0000
11.41 0.0000
11.42 0.0000
11.43 0.0000
11.44 0.0000
11.45 0.0000
11.46 0.0000
11.47 0.0000
11.48 0.0000
11.49 0.0000
11.50 0.0000
11.51 0.0000
11.52 0.0000
11.53 0.0000
11.54 0.0000
11.55 0.0000
11.56 0.0000
11.57 0.0000
11.58 0.0000
11.59 0.0000
11.60 0.0000
11.61 0.0000
11.62 0.0000
11.63 0.0000
11.64 0.0000
11.65 0.0000
11.66 0.0000
11.67 0.0000
11.68 0.0000
11.69 0.0000
11.70 0.0000
11.71 0.0000
11.72 0.0000
11.73 0.0000
11.74 0.0000
11.75 0.0000
11.76 0.0000
11.77 0.0000
11.78 0.0000
11.79 0.0000
11.80 0.0000
11.81 0.0000
11.82 0.0000
11.83 0.0000
11.84 0.0000
11.85 0.0000
11.86 0.0000
11.87 0.0000
11.88 0.0000
11.89 0.0000
11.90 0.0000
11.91 0.0000
11.92 0.0000
11.93 0.0000
11.94 0.0000
11.95 0.0000
11.96 0.0000
11.97 0.0000
11.98 0.0000
11.99 0.0000
12.00 0.0000
12.01 0.0000
12.02 0.0000
12.03 0.0000
12.04 0.0000
12.05 0.0000
12.06 0.0000
12.07 0.0000
12.08 0.0000
12.09 0.0000
12.10 0.0000
12.11 0.0000
12.12 0.0000
12.13 0.0000
12.14 0.0000
12.15 0.0000
12.16 0.0000
12.17 0.0000
12.18 0.0000
12.19 0.0000
12.20 0.0000
12.21 0.0000
12.22 0.0000
12.23 0.0000
12.24 0.0000
12.25 0.0000
12.26 0.0000
12.27 0.0000
12.28 0.0000
12.29 0.0000
12.30 0.0000
12.31 0.0000
12.32 0.0000
12.33 0.0000
12.34 0.0000
12.35 0.0000
12.36 0.0000
12.37 0.0000
12.38 0.0000
12.39 0.0000
12.40 0.0000
12.41 0.0000
12.42 0.0000
12.43 0.0000
12.44 0.0000
12.45 0.0000
12.46 0.0000
12.47 0.0000
12.48 0.0000
12.49 0.0000
12.50 0.0000
12.51 0.0000
12.52 0.0000
12.53 0.0000
12.54 0.0000
12.55 0.0000
12.56 0.0000
12.57 0.0000
12.58 0.0000
12.59 0.0000
12.60 0.0000
12.61 0.0000
12.62 0.0000
12.63 0.0000
12.64 0.0000
12.65 0.0000
12.66 0.0000
12.67 0.0000
12.68 0.0000
12.69 0.0000
12.70 0.0000
12.71 0.0000
12.72 0.0000
12.73 0.0000
12.74 0.0000
12.75 0.0000
12.76 0.0000
12.77 0.0000
12.78 0.0000
12.79 0.0000
12.80 0.0000
12.81 0.0000
12.82 0.0000
12.83 0.0000
12.84 0.0000
12.85 0.0000
12.86 0.0000
12.87 279.1912
12.88 279.1912
12.89 279.1912
12.90 279.1912
12.91 279.1912
12.92 280.2010
12.93 281.2143
12.94 282.2314
12.95 283.2521
12.96 283.2521
12.97 283.2521
12.98 278.1851
12.99 278.1851
13.00 278.1851
13.01 278.1851
13.02 278.1851
13.03 288.4115
13.04 297.9362
13.05 297.9362
13.06 297.9362
13.07 297.9362
13.08 297.9362
13.09 299.0138
13.10 299.0138
13.11 300.0952
13.12 301.1805
13.13 302.2698
13.14 303.3630
13.15 303.3630
13.16 303.3630
13.17 303.3630
13.18 303.3630
13.19 303.3630
13.20 302.2698
13.21 302.2698
13.22 302.2698
13.23 302.2698
13.24 303.3630
13.25 303.3630
13.26 311.1270
13.27 330.8197
13.28 335.6316
13.29 341.7450
13.30 350.4913
13.31 350.4913
13.32 350.4913
13.33 350.4913
13.34 350.4913
13.35 344.2214
13.36 339.2864
13.37 338.0637
13.38 338.0637
13.39 338.0637
13.40 338.0637
13.41 336.8455
13.42 335.6316
13.43 333.2170
13.44 332.0162
13.45 332.0162
13.46 0.0000
13.47 0.0000
13.48 0.0000
13.49 291.5521
13.50 297.9362
13.51 297.9362
13.52 297.9362
13.53 297.9362
13.54 297.9362
13.55 297.9362
13.56 297.9362
13.57 297.9362
13.58 297.9362
13.59 297.9362
13.60 297.9362
13.61 295.7928
13.62 294.7269
13.63 294.7269
13.64 294.7269
13.65 294.7269
13.66 294.7269
13.67 297.9362
13.68 303.3630
13.69 303.3630
13.70 311.1270
13.71 320.2437
13.72 330.8197
13.73 336.8455
13.74 341.7450
13.75 341.7450
13.76 341.7450
13.77 340.5135
13.78 339.2864
13.79 335.6316
13.80 335.6316
13.81 335.6316
13.82 335.6316
13.83 335.6316
13.84 335.6316
13.85 335.6316
13.86 334.4221
13.87 332.0162
13.88 332.0162
13.89 332.0162
13.90 332.0162
13.91 0.0000
13.92 0.0000
13.93 0.0000
13.94 0.0000
13.95 0.0000
13.96 0.0000
13.97 0.0000
13.98 0.0000
13.99 0.0000
14.00 0.0000
14.01 0.0000
14.02 0.0000
14.03 0.0000
14.04 0.0000
14.05 0.0000
14.06 0.0000
14.07 367.3326
14.08 372.6756
14.09 378.0962
14.10 378.0962
14.11 378.0962
14.12 378.0962
14.13 376.7337
14.14 375.3761
14.15 375.3761
14.16 375.3761
14.17 375.3761
14.18 375.3761
14.19 375.3761
14.20 375.3761
14.21 375.3761
14.22 375.3761
14.23 375.3761
14.24 375.3761
14.25 375.3761
14.26 374.0234
14.27 374.0234
14.28 374.0234
14.29 374.0234
14.30 374.0234
14.31 374.0234
14.32 374.0234
14.33 374.0234
14.34 374.0234
14.35 374.0234
14.36 374.0234
14.37 374.0234
14.38 374.0234
14.39 372.6756
14.40 372.6756
14.41 372.6756
14.42 372.6756
14.43 372.6756
14.44 372.6756
14.45 371.3326
14.46 369.9944
14.47 369.9944
14.48 369.9944
14.49 369.9944
14.50 369.9944
14.51 369.9944
14.52 369.9944
14.53 371.3326
14.54 371.3326
14.55 371.3326
14.56 372.6756
14.57 378.0962
14.58 380.8361
14.59 382.2134
14.60 382.2134
14.61 382.2134
14.62 380.8361
14.63 379.4637
14.64 376.7337
14.65 374.0234
14.66 372.6756
14.67 372.6756
14.68 372.6756
14.69 374.0234
14.70 378.0962
14.71 382.2134
14.72 382.2134
14.73 382.2134
14.74 382.2134
14.75 380.8361
14.76 379.4637
14.77 376.7337
14.78 372.6756
14.79 371.3326
14.80 367.3326
14.81 360.7615
14.82 355.5893
14.83 350.4913
14.84 333.2170
14.85 332.0162
14.86 324.9018
14.87 319.0897
14.88 317.9398
14.89 314.5149
14.90 312.2522
14.91 312.2522
14.92 311.1270
14.93 311.1270
14.94 310.0058
14.95 310.0058
14.96 310.0058
14.97 308.8886
14.98 308.8886
14.99 308.8886
15.00 308.8886
15.01 308.8886
15.02 308.8886
15.03 308.8886
15.04 308.8886
15.05 308.8886
15.06 310.0058
15.07 310.0058
15.08 310.0058
15.09 310.0058
15.10 310.0058
15.11 308.8886
15.12 303.3630
15.13 303.3630
15.14 271.2432
15.15 259.7434
15.16 249.6307
15.17 248.7311
15.18 248.7311
15.19 243.4013
15.20 243.4013
15.21 242.5242
15.22 242.5242
15.23 242.5242
15.24 242.5242
15.25 243.4013
15.26 243.4013
15.27 248.7311
15.28 248.7311
15.29 249.6307
15.30 249.6307
15.31 249.6307
15.32 249.6307
15.33 249.6307
15.34 249.6307
15.35 249.6307
15.36 250.5335
15.37 250.5335
15.38 251.4396
15.39 252.3490
15.40 252.3490
15.41 253.2616
15.42 253.2616
15.43 253.2616
15.44 253.2616
15.45 253.2616
15.46 253.2616
15.47 253.2616
15.48 253.2616
15.49 0.0000
15.50 0.0000
15.51 0.0000
15.52 0.0000
15.53 0.0000
15.54 0.0000
15.55 0.0000
15.56 0.0000
15.57 0.0000
15.58 0.0000
15.59 0.0000
15.60 0.0000
15.61 0.0000
15.62 0.0000
15.63 0.0000
15.64 0.0000
15.65 0.0000
15.66 0.0000
15.67 0.0000
15.68 0.0000
15.69 0.0000
15.70 0.0000
15.71 0.0000
15.72 283.2521
15.73 283.2521
15.74 283.2521
15.75 283.2521
15.76 283.2521
15.77 283.2521
15.78 283.2521
15.79 282.2314
15.80 282.2314
15.81 281.2143
15.82 281.2143
15.83 281.2143
15.84 281.2143
15.85 281.2143
15.86 280.2010
15.87 280.2010
15.88 280.2010
15.89 280.2010
15.90 280.2010
15.91 279.1912
15.92 279.1912
15.93 279.1912
15.94 279.1912
15.95 279.1912
15.96 279.1912
15.97 279.1912
15.98 279.1912
15.99 279.1912
16.00 279.1912
16.01 279.1912
16.02 279.1912
16.03 279.1912
16.04 279.1912
16.05 279.1912
16.06 279.1912
16.07 279.1912
16.08 279.1912
16.09 279.1912
16.10 278.1851
16.11 0.0000
16.12 0.0000
16.13 0.0000
16.14 0.0000
16.15 0.0000
16.16 0.0000
16.17 0.0000
16.18 0.0000
16.19 0.0000
16.20 0.0000
16.21 0.0000
16.22 0.0000
16.23 0.0000
16.24 0.0000
16.25 0.0000
16.26 0.0000
16.27 0.0000
16.28 0.0000
16.29 0.0000
16.30 0.0000
16.31 0.0000
16.32 0.0000
16.33 0.0000
16.34 0.0000
16.35 0.0000
16.36 0.0000
16.37 0.0000
16.38 0.0000
16.39 0.0000
16.40 0.0000
16.41 0.0000
16.42 0.0000
16.43 0.0000
16.44 0.0000
16.45 0.0000
16.46 0.0000
16.47 0.0000
16.48 0.0000
16.49 0.0000
16.50 0.0000
16.51 0.0000
16.52 0.0000
16.53 0.0000
16.54 0.0000
16.55 0.0000
16.56 0.0000
16.57 0.0000
16.58 0.0000
16.59 0.0000
16.60 0.0000
16.61 0.0000
16.62 0.0000
16.63 0.0000
16.64 0.0000
16.65 0.0000
16.66 0.0000
16.67 0.0000
16.68 0.0000
16.69 0.0000
16.70 0.0000
16.71 0.0000
16.72 0.0000
16.73 0.0000
16.74 0.0000
16.75 0.0000
16.76 0.0000
16.77 0.0000
16.78 0.0000
16.79 0.0000
16.80 0.0000
16.81 0.0000
16.82 0.0000
16.83 0.0000
16.84 0.0000
16.85 0.0000
16.86 0.0000
16.87 0.0000
16.88 0.0000
16.89 0.0000
16.90 0.0000
16.91 0.0000
16.92 0.0000
16.93 0.0000
16.94 0.0000
16.95 0.0000
16.96 0.0000
16.97 0.0000
16.98 0.0000
16.99 0.0000
17.00 0.0000
17.01 0.0000
17.02 0.0000
17.03 0.0000
17.04 0.0000
17.05 0.0000
17.06 0.0000
17.07 0.0000
17.08 0.0000
17.09 0.0000
17.10 0.0000
17.11 0.0000
17.12 0.0000
17.13 0.0000
17.14 0.0000
17.15 0.0000
17.16 0.0000
17.17 0.0000
17.18 0.0000
17.19 0.0000
17.20 0.0000
17.21 0.0000
17.22 0.0000
17.23 0.0000
17.24 0.0000
17.25 0.0000
17.26 0.0000
17.27 0.0000
17.28 0.0000
17.29 0.0000
17.30 0.0000
17.31 0.0000
17.32 0.0000
17.33 0.0000
17.34 0.0000
17.35 0.0000
17.36 0.0000
17.37 0.0000
17.38 0.0000
17.39 0.0000
17.40 0.0000
17.41 0.0000
17.42 0.0000
17.43 0.0000
17.44 0.0000
17.45 0.0000
17.46 0.0000
17.47 0.0000
17.48 266.3910
17.49 266.3910
17.50 271.2432
17.51 272.2242
17.52 276.1838
17.53 279.1912
17.54 282.2314
17.55 283.2521
17.56 283.2521
17.57 284.2766
17.58 284.2766
17.59 284.2766
17.60 284.2766
17.61 284.2766
17.62 284.2766
17.63 284.2766
17.64 284.2766
17.65 285.3047
17.66 285.3047
17.67 287.3721
17.68 287.3721
17.69 287.3721
17.70 287.3721
17.71 287.3721
17.72 287.3721
17.73 287.3721
17.74 292.6065
17.75 303.3630
17.76 305.5613
17.77 305.5613
17.78 305.5613
17.79 303.3630
17.80 299.0138
17.81 299.0138
17.82 299.0138
17.83 299.0138
17.84 299.0138
17.85 302.2698
17.86 303.3630
17.87 304.4602
17.88 304.4602
17.89 304.4602
17.90 303.3630
17.91 302.2698
17.92 290.5014
17.93 290.5014
17.94 290.5014
17.95 0.0000
17.96 0.0000
17.97 0.0000
17.98 0.0000
17.99 0.0000
18.00 278.1851
18.01 287.3721
18.02 288.4115
18.03 291.5521
18.04 302.2698
18.05 303.3630
18.06 303.3630
18.07 303.3630
18.08 303.3630
18.09 303.3630
18.10 303.3630
18.11 304.4602
18.12 311.1270
18.13 317.9398
18.14 319.0897
18.15 323.7309
18.16 328.4397
18.17 330.8197
18.18 332.0162
18.19 332.0162
18.20 332.0162
18.21 332.0162
18.22 330.8197
18.23 329.6276
18.24 326.0768
18.25 320.2437
18.26 320.2437
18.27 303.3630
18.28 0.0000
18.29 0.0000
18.30 0.0000
18.31 0.0000
18.32 0.0000
18.33 0.0000
18.34 0.0000
18.35 0.0000
18.36 0.0000
18.37 0.0000
18.38 256.0195
18.39 256.0195
18.40 256.0195
18.41 256.0195
18.42 256.0195
18.43 256.0195
18.44 256.9454
18.45 258.8073
18.46 260.6828
18.47 265.4310
18.48 266.3910
18.49 271.2432
18.50 273.2087
18.51 276.1838
18.52 277.1826
18.53 278.1851
18.54 278.1851
18.55 278.1851
18.56 278.1851
18.57 277.1826
18.58 277.1826
18.59 272.2242
18.60 259.7434
18.61 259.7434
18.62 249.6307
18.63 248.7311
18.64 240.7794
18.65 232.2419
18.66 219.2072
18.67 217.6302
18.68 216.8459
18.69 216.8459
18.70 216.8459
18.71 216.8459
18.72 216.8459
18.73 216.8459
18.74 216.8459
18.75 217.6302
18.76 217.6302
18.77 218.4173
18.78 219.2072
18.79 220.0000
18.80 220.0000
18.81 220.7957
18.82 220.7957
18.83 220.7957
18.84 220.7957
18.85 220.7957
18.86 220.7957
18.87 220.7957
18.88 220.7957
18.89 220.7957
18.90 220.7957
18.91 219.2072
18.92 219.2072
18.93 218.4173
18.94 218.4173
18.95 218.4173
18.96 218.4173
18.97 219.2072
18.98 221.5942
18.99 222.3956
19.00 225.6305
19.01 231.4050
19.02 233.0819
19.03 241.6502
19.04 248.7311
19.05 249.6307
19.06 249.6307
19.07 249.6307
19.08 249.6307
19.09 248.7311
19.10 248.7311
19.11 248.7311
19.12 247.8348
19.13 247.8348
19.14 247.8348
19.15 247.8348
19.16 246.9417
19.17 246.9417
19.18 246.0518
19.19 246.0518
19.20 246.0518
19.21 246.0518
19.22 245.1651
19.23 245.1651
19.24 245.1651
19.25 246.0518
19.26 246.0518
19.27 246.0518
19.28 247.8348
19.29 248.7311
19.30 248.7311
19.31 249.6307
19.32 253.2616
19.33 254.1776
19.34 254.1776
19.35 254.1776
19.36 0.0000
19.37 0.0000
19.38 0.0000
19.39 0.0000
19.40 0.0000
19.41 0.0000
19.42 0.0000
19.43 0.0000
19.44 0.0000
19.45 0.0000
19.46 0.0000
19.47 0.0000
19.48 0.0000
19.49 0.0000
19.50 0.0000
19.51 0.0000
19.52 0.0000
19.53 0.0000
19.54 0.0000
19.55 0.0000
19.56 0.0000
19.57 0.0000
19.58 0.0000
19.59 0.0000
19.60 0.0000
19.61 0.0000
19.62 0.0000
19.63 0.0000
19.64 0.0000
19.65 0.0000
19.66 0.0000
19.67 0.0000
19.68 0.0000
19.69 0.0000
19.70 0.0000
19.71 0.0000
19.72 0.0000
19.73 0.0000
19.74 0.0000
19.75 0.0000
19.76 0.0000
19.77 0.0000
19.78 0.0000
19.79 0.0000
19.80 0.0000
19.81 0.0000
19.82 0.0000
19.83 0.0000
19.84 0.0000
19.85 0.0000
19.86 0.0000
19.87 0.0000
19.88 0.0000
19.89 0.0000
19.90 0.0000
19.91 0.0000
19.92 0.0000
19.93 0.0000
19.94 0.0000
19.95 0.0000
19.96 0.0000
19.97 0.0000
19.98 0.0000
19.99 0.0000
20.00 0.0000
20.01 0.0000
20.02 0.0000
20.03 0.0000
20.04 0.0000
20.05 0.0000
20.06 0.0000
20.07 0.0000
20.08 0.0000
20.09 0.0000
20.10 0.0000
20.11 0.0000
20.12 0.0000
20.13 0.0000
20.14 0.0000
20.15 0.0000
20.16 0.0000
20.17 0.0000
20.18 0.0000
20.19 0.0000
20.20 0.0000
20.21 0.0000
20.22 0.0000
20.23 0.0000
20.24 0.0000
20.25 0.0000
20.26 0.0000
20.27 0.0000
20.28 0.0000
20.29 0.0000
20.30 0.0000
20.31 0.0000
20.32 0.0000
20.33 0.0000
20.34 0.0000
20.35 0.0000
20.36 0.0000
20.37 0.0000
20.38 0.0000
20.39 0.0000
20.40 0.0000
20.41 0.0000
20.42 0.0000
20.43 0.0000
20.44 0.0000
20.45 0.0000
20.46 0.0000
20.47 0.0000
20.48 0.0000
20.49 0.0000
20.50 0.0000
20.51 0.0000
20.52 0.0000
20.53 0.0000
20.54 0.0000
20.55 0.0000
20.56 0.0000
20.57 0.0000
20.58 0.0000
20.59 0.0000
20.60 0.0000
20.61 0.0000
20.62 247.8348
20.63 247.8348
20.64 247.8348
20.65 245.1651
20.66 244.2816
20.67 244.2816
20.68 244.2816
20.69 244.2816
20.70 245.1651
20.71 246.0518
20.72 247.8348
20.73 248.7311
20.74 248.7311
20.75 248.7311
20.76 248.7311
20.77 248.7311
20.78 248.7311
20.79 247.8348
20.80 247.8348
20.81 247.8348
20.82 247.8348
20.83 247.8348
20.84 247.8348
20.85 247.8348
20.86 247.8348
20.87 247.8348
20.88 246.9417
20.89 246.9417
20.90 246.0518
20.91 245.1651
20.92 244.2816
20.93 244.2816
20.94 244.2816
20.95 244.2816
20.96 244.2816
20.97 248.7311
20.98 249.6307
20.99 255.0969
21.00 258.8073
21.01 259.7434
21.02 259.7434
21.03 259.7434
21.04 258.8073
21.05 254.1776
21.06 249.6307
21.07 248.7311
21.08 247.8348
21.09 247.8348
21.10 247.8348
21.11 247.8348
21.12 247.8348
21.13 247.8348
21.14 0.0000
21.15 0.0000
21.16 0.0000
21.17 0.0000
21.18 0.0000
21.19 0.0000
21.20 0.0000
21.21 0.0000
21.22 0.0000
21.23 0.0000
21.24 0.0000
21.25 0.0000
21.26 0.0000
21.27 0.0000
21.28 0.0000
21.29 0.0000
21.30 0.0000
21.31 0.0000
21.32 0.0000
21.33 0.0000
21.34 0.0000
21.35 0.0000
21.36 0.0000
21.37 0.0000
21.38 0.0000
21.39 272.2242
21.40 272.2242
21.41 272.2242
21.42 272.2242
21.43 272.2242
21.44 272.2242
21.45 272.2242
21.46 272.2242
21.47 271.2432
21.48 271.2432
21.49 271.2432
21.50 270.2657
21.51 270.2657
21.52 0.0000
21.53 0.0000
21.54 0.0000
21.55 0.0000
21.56 0.0000
21.57 0.0000
21.58 0.0000
21.59 0.0000
21.60 0.0000
21.61 0.0000
21.62 0.0000
21.63 0.0000
21.64 0.0000
21.65 0.0000
21.66 0.0000
21.67 0.0000
21.68 0.0000
21.69 0.0000
21.70 0.0000
21.71 0.0000
21.72 0.0000
21.73 0.0000
21.74 0.0000
21.75 0.0000
21.76 0.0000
21.77 0.0000
21.78 0.0000
21.79 0.0000
21.80 0.0000
21.81 0.0000
21.82 0.0000
21.83 0.0000
21.84 0.0000
21.85 0.0000
21.86 0.0000
21.87 0.0000
21.88 0.0000
21.89 0.0000
21.90 0.0000
21.91 0.0000
21.92 0.0000
21.93 0.0000
21.94 0.0000
21.95 0.0000
21.96 0.0000
21.97 0.0000
21.98 0.0000
21.99 0.0000
22.00 0.0000
22.01 292.6065
22.02 292.6065
22.03 292.6065
22.04 293.6648
22.05 293.6648
22.06 293.6648
22.07 293.6648
22.08 293.6648
22.09 293.6648
22.10 293.6648
22.11 293.6648
22.12 293.6648
22.13 293.6648
22.14 293.6648
22.15 293.6648
22.16 293.6648
22.17 292.6065
22.18 291.5521
22.19 291.5521
22.20 289.4546
22.21 288.4115
22.22 277.1826
22.23 272.2242
22.24 260.6828
22.25 254.1776
22.26 249.6307
22.27 248.7311
22.28 248.7311
22.29 248.7311
22.30 248.7311
22.31 248.7311
22.32 247.8348
22.33 247.8348
22.34 246.9417
22.35 246.9417
22.36 246.9417
22.37 246.9417
22.38 247.8348
22.39 247.8348
22.40 247.8348
22.41 247.8348
22.42 247.8348
22.43 247.8348
22.44 247.8348
22.45 247.8348
22.46 246.9417
22.47 0.0000
22.48 0.0000
22.49 0.0000
22.50 0.0000
22.51 0.0000
22.52 0.0000
22.53 0.0000
22.54 0.0000
22.55 0.0000
22.56 0.0000
22.57 0.0000
22.58 0.0000
22.59 0.0000
22.60 0.0000
22.61 0.0000
22.62 277.1826
22.63 277.1826
22.64 277.1826
22.65 276.1838
22.66 275.1885
22.67 274.1968
22.68 274.1968
22.69 274.1968
22.70 274.1968
22.71 275.1885
22.72 275.1885
22.73 276.1838
22.74 276.1838
22.75 276.1838
22.76 276.1838
22.77 0.0000
22.78 0.0000
22.79 0.0000
22.80 0.0000
22.81 0.0000
22.82 0.0000
22.83 0.0000
22.84 0.0000
22.85 0.0000
22.86 0.0000
22.87 0.0000
22.88 0.0000
22.89 297.9362
22.90 297.9362
22.91 297.9362
22.92 297.9362
22.93 297.9362
22.94 297.9362
22.95 299.0138
22.96 299.0138
22.97 299.0138
22.98 299.0138
22.99 299.0138
23.00 299.0138
23.01 297.9362
23.02 297.9362
23.03 297.9362
23.04 297.9362
23.05 297.9362
23.06 297.9362
23.07 297.9362
23.08 295.7928
23.09 291.5521
23.10 289.4546
23.11 278.1851
23.12 272.2242
23.13 271.2432
23.14 255.0969
23.15 255.0969
23.16 254.1776
23.17 254.1776
23.18 254.1776
23.19 253.2616
23.20 253.2616
23.21 253.2616
23.22 252.3490
23.23 252.3490
23.24 252.3490
23.25 249.6307
23.26 249.6307
23.27 248.7311
23.28 248.7311
23.29 248.7311
23.30 248.7311
23.31 248.7311
23.32 248.7311
23.33 248.7311
23.34 248.7311
23.35 249.6307
23.36 250.5335
23.37 251.4396
23.38 253.2616
23.39 255.0969
23.40 259.7434
23.41 260.6828
23.42 271.2432
23.43 273.2087
23.44 275.1885
23.45 275.1885
23.46 275.1885
23.47 273.2087
23.48 272.2242
23.49 270.2657
23.50 269.2918
23.51 268.3214
23.52 268.3214
23.53 268.3214
23.54 269.2918
23.55 269.2918
23.56 271.2432
23.57 273.2087
23.58 277.1826
23.59 278.1851
23.60 278.1851
23.61 278.1851
23.62 277.1826
23.63 276.1838
23.64 275.1885
23.65 274.1968
23.66 274.1968
23.67 274.1968
23.68 274.1968
23.69 275.1885
23.70 276.1838
23.71 282.2314
23.72 284.2766
23.73 287.3721
23.74 289.4546
23.75 291.5521
23.76 291.5521
23.77 291.5521
23.78 290.5014
23.79 290.5014
23.80 290.5014
23.81 290.5014
23.82 290.5014
23.83 290.5014
23.84 290.5014
23.85 290.5014
23.86 290.5014
23.87 290.5014
23.88 290.5014
23.89 291.5521
23.90 291.5521
23.91 291.5521
23.92 291.5521
23.93 291.5521
23.94 291.5521
23.95 291.5521
23.96 291.5521
23.97 291.5521
23.98 291.5521
23.99 291.5521
24.00 291.5521
24.01 291.5521
24.02 290.5014
24.03 290.5014
24.04 289.4546
24.05 289.4546
24.06 289.4546
24.07 289.4546
24.08 0.0000
24.09 0.0000
24.10 0.0000
24.11 0.0000
24.12 0.0000
24.13 0.0000
24.14 0.0000
24.15 0.0000
24.16 0.0000
24.17 0.0000
24.18 0.0000
24.19 0.0000
24.20 0.0000
24.21 0.0000
24.22 0.0000
24.23 0.0000
24.24 0.0000
24.25 0.0000
24.26 0.0000
24.27 0.0000
24.28 0.0000
24.29 0.0000
24.30 0.0000
24.31 0.0000
24.32 0.0000
24.33 0.0000
24.34 0.0000
24.35 0.0000
24.36 0.0000
24.37 0.0000
24.38 0.0000
24.39 0.0000
24.40 0.0000
24.41 0.0000
24.42 0.0000
24.43 0.0000
24.44 0.0000
24.45 0.0000
24.46 0.0000
24.47 0.0000
24.48 0.0000
24.49 0.0000
24.50 0.0000
24.51 0.0000
24.52 0.0000
24.53 0.0000
24.54 0.0000
24.55 0.0000
24.56 0.0000
24.57 0.0000
24.58 0.0000
24.59 0.0000
24.60 0.0000
24.61 0.0000
24.62 0.0000
24.63 0.0000
24.64 0.0000
24.65 0.0000
24.66 0.0000
24.67 0.0000
24.68 0.0000
24.69 0.0000
24.70 0.0000
24.71 0.0000
24.72 0.0000
24.73 0.0000
24.74 0.0000
24.75 0.0000
24.76 0.0000
24.77 0.0000
24.78 0.0000
24.79 0.0000
