0.00 0.0000
0.01 0.0000
0.02 0.0000
0.03 0.0000
0.04 0.0000
0.05 0.0000
0.06 0.0000
0.07 0.0000
0.08 0.0000
0.09 0.0000
0.10 0.0000
0.11 0.0000
0.12 0.0000
0.13 0.0000
0.14 0.0000
0.15 0.0000
0.16 177.7946
0.17 179.7307
0.18 182.3449
0.19 182.3449
0.20 182.3449
0.21 182.3449
0.22 182.3449
0.23 183.0044
0.24 183.0044
0.25 183.0044
0.26 182.3449
0.27 177.1539
0.28 175.8794
0.29 175.8794
0.30 175.8794
0.31 177.1539
0.32 177.7946
0.33 179.7307
0.34 179.7307
0.35 179.7307
0.36 0.0000
0.37 0.0000
0.38 0.0000
0.39 0.0000
0.40 0.0000
0.41 0.0000
0.42 0.0000
0.43 0.0000
0.44 0.0000
0.45 241.6502
0.46 248.7311
0.47 249.6307
0.48 259.7434
0.49 260.6828
0.50 261.6256
0.51 261.6256
0.52 261.6256
0.53 261.6256
0.54 261.6256
0.55 262.5718
0.56 265.4310
0.57 278.1851
0.58 278.1851
0.59 288.4115
0.60 292.6065
0.61 296.8626
0.62 302.2698
0.63 302.2698
0.64 302.2698
0.65 302.2698
0.66 300.0952
0.67 299.0138
0.68 297.9362
0.69 294.7269
0.70 291.5521
0.71 290.5014
0.72 288.4115
0.73 287.3721
0.74 283.2521
0.75 277.1826
0.76 277.1826
0.77 273.2087
0.78 271.2432
0.79 270.2657
0.80 266.3910
0.81 266.3910
0.82 265.4310
0.83 265.4310
0.84 265.4310
0.85 265.4310
0.86 264.4745
0.87 263.5214
0.88 263.5214
0.89 262.5718
0.90 262.5718
0.91 261.6256
0.92 261.6256
0.93 260.6828
0.94 260.6828
0.95 260.6828
0.96 260.6828
0.97 260.6828
0.98 260.6828
0.99 260.6828
1.00 260.6828
1.01 260.6828
1.02 260.6828
1.03 260.6828
1.04 260.6828
1.05 260.6828
1.06 260.6828
1.07 261.6256
1.08 261.6256
1.09 263.5214
1.10 263.5214
1.11 263.5214
1.12 263.5214
1.13 263.5214
1.14 262.5718
1.15 262.5718
1.16 261.6256
1.17 261.6256
1.18 260.6828
1.19 260.6828
1.20 259.7434
1.21 259.7434
1.22 259.7434
1.23 259.7434
1.24 0.0000
1.25 0.0000
1.26 0.0000
1.27 0.0000
1.28 0.0000
1.29 0.0000
1.30 0.0000
1.31 0.0000
1.32 0.0000
1.33 0.0000
1.34 0.0000
1.35 0.0000
1.36 0.0000
1.37 0.0000
1.38 0.0000
1.39 0.0000
1.40 0.0000
1.41 175.8794
1.42 175.8794
1.43 175.8794
1.44 175.8794
1.45 175.8794
1.46 175.8794
1.47 175.8794
1.48 175.8794
1.49 175.8794
1.50 0.0000
1.51 0.0000
1.52 0.0000
1.53 0.0000
1.54 0.0000
1.55 0.0000
1.56 0.0000
1.57 0.0000
1.58 0.0000
1.59 0.0000
1.60 0.0000
1.61 0.0000
1.62 0.0000
1.63 0.0000
1.64 0.0000
1.65 0.0000
1.66 0.0000
1.67 0.0000
1.68 241.6502
1.69 246.0518
1.70 249.6307
1.71 254.1776
1.72 258.8073
1.73 259.7434
1.74 259.7434
1.75 259.7434
1.76 259.7434
1.77 261.6256
1.78 263.5214
1.79 266.3910
1.80 272.2242
1.81 277.1826
1.82 283.2521
1.83 288.4115
1.84 291.5521
1.85 294.7269
1.86 297.9362
1.87 297.9362
1.88 297.9362
1.89 297.9362
1.90 296.8626
1.91 293.6648
1.92 293.6648
1.93 293.6648
1.94 294.7269
1.95 294.7269
1.96 294.7269
1.97 292.6065
1.98 0.0000
1.99 0.0000
2.00 0.0000
2.01 0.0000
2.02 0.0000
2.03 0.0000
2.04 0.0000
2.05 0.0000
2.06 0.0000
2.07 0.0000
2.08 0.0000
2.09 0.0000
2.10 249.6307
2.11 249.6307
2.12 259.7434
2.13 260.6828
2.14 260.6828
2.15 260.6828
2.16 260.6828
2.17 260.6828
2.18 260.6828
2.19 260.6828
2.20 261.6256
2.21 262.5718
2.22 264.4745
2.23 265.4310
2.24 266.3910
2.25 268.3214
2.26 270.2657
2.27 271.2432
2.28 272.2242
2.29 272.2242
2.30 272.2242
2.31 272.2242
2.32 266.3910
2.33 261.6256
2.34 260.6828
2.35 260.6828
2.36 260.6828
2.37 262.5718
2.38 266.3910
2.39 272.2242
2.40 276.1838
2.41 277.1826
2.42 277.1826
2.43 277.1826
2.44 272.2242
2.45 266.3910
2.46 261.6256
2.47 261.6256
2.48 259.7434
2.49 259.7434
2.50 0.0000
2.51 0.0000
2.52 0.0000
2.53 0.0000
2.54 0.0000
2.55 0.0000
2.56 0.0000
2.57 0.0000
2.58 0.0000
2.59 0.0000
2.60 0.0000
2.61 0.0000
2.62 0.0000
2.63 0.0000
2.64 0.0000
2.65 0.0000
2.66 0.0000
2.67 0.0000
2.68 0.0000
2.69 0.0000
2.70 0.0000
2.71 0.0000
2.72 0.0000
2.73 0.0000
2.74 0.0000
2.75 0.0000
2.76 0.0000
2.77 0.0000
2.78 0.0000
2.79 0.0000
2.80 0.0000
2.81 0.0000
2.82 0.0000
2.83 0.0000
2.84 0.0000
2.85 0.0000
2.86 0.0000
2.87 0.0000
2.88 0.0000
2.89 0.0000
2.90 265.4310
2.91 265.4310
2.92 265.4310
2.93 262.5718
2.94 261.6256
2.95 261.6256
2.96 261.6256
2.97 261.6256
2.98 262.5718
2.99 266.3910
3.00 277.1826
3.01 278.1851
3.02 288.4115
3.03 292.6065
3.04 302.2698
3.05 302.2698
3.06 302.2698
3.07 302.2698
3.08 300.0952
3.09 0.0000
3.10 0.0000
3.11 0.0000
3.12 0.0000
3.13 0.0000
3.14 0.0000
3.15 0.0000
3.16 0.0000
3.17 0.0000
3.18 0.0000
3.19 0.0000
3.20 0.0000
3.21 0.0000
3.22 0.0000
3.23 0.0000
3.24 0.0000
3.25 0.0000
3.26 0.0000
3.27 0.0000
3.28 0.0000
3.29 0.0000
3.30 0.0000
3.31 261.6256
3.32 261.6256
3.33 261.6256
3.34 261.6256
3.35 261.6256
3.36 261.6256
3.37 260.6828
3.38 260.6828
3.39 260.6828
3.40 260.6828
3.41 260.6828
3.42 260.6828
3.43 260.6828
3.44 260.6828
3.45 260.6828
3.46 261.6256
3.47 261.6256
3.48 261.6256
3.49 261.6256
3.50 261.6256
3.51 262.5718
3.52 263.5214
3.53 264.4745
3.54 264.4745
3.55 264.4745
3.56 264.4745
3.57 263.5214
3.58 263.5214
3.59 263.5214
3.60 263.5214
3.61 264.4745
3.62 264.4745
3.63 265.4310
3.64 266.3910
3.65 266.3910
3.66 266.3910
3.67 266.3910
3.68 266.3910
3.69 0.0000
3.70 0.0000
3.71 0.0000
3.72 0.0000
3.73 0.0000
3.74 0.0000
3.75 0.0000
3.76 0.0000
3.77 0.0000
3.78 0.0000
3.79 0.0000
3.80 0.0000
3.81 0.0000
3.82 0.0000
3.83 0.0000
3.84 0.0000
3.85 0.0000
3.86 0.0000
3.87 0.0000
3.88 0.0000
3.89 0.0000
3.90 0.0000
3.91 0.0000
3.92 0.0000
3.93 0.0000
3.94 0.0000
3.95 0.0000
3.96 0.0000
3.97 0.0000
3.98 0.0000
3.99 0.0000
4.00 0.0000
4.01 0.0000
4.02 0.0000
4.03 0.0000
4.04 0.0000
4.05 0.0000
4.06 0.0000
4.07 249.6307
4.08 250.5335
4.09 252.3490
4.10 252.3490
4.11 252.3490
4.12 252.3490
4.13 253.2616
4.14 254.1776
4.15 256.0195
4.16 259.7434
4.17 265.4310
4.18 272.2242
4.19 278.1851
4.20 283.2521
4.21 288.4115
4.22 292.6065
4.23 301.1805
4.24 303.3630
4.25 303.3630
4.26 303.3630
4.27 0.0000
4.28 0.0000
4.29 0.0000
4.30 0.0000
4.31 0.0000
4.32 0.0000
4.33 0.0000
4.34 0.0000
4.35 0.0000
4.36 0.0000
4.37 0.0000
4.38 0.0000
4.39 0.0000
4.40 250.5335
4.41 256.9454
4.42 259.7434
4.43 262.5718
4.44 263.5214
4.45 263.5214
4.46 263.5214
4.47 264.4745
4.48 265.4310
4.49 265.4310
4.50 265.4310
4.51 265.4310
4.52 265.4310
4.53 265.4310
4.54 265.4310
4.55 265.4310
4.56 265.4310
4.57 265.4310
4.58 265.4310
4.59 264.4745
4.60 262.5718
4.61 261.6256
4.62 259.7434
4.63 255.0969
4.64 249.6307
4.65 248.7311
4.66 0.0000
4.67 0.0000
4.68 0.0000
4.69 0.0000
4.70 0.0000
4.71 0.0000
4.72 0.0000
4.73 0.0000
4.74 0.0000
4.75 0.0000
4.76 0.0000
4.77 0.0000
4.78 0.0000
4.79 0.0000
4.80 0.0000
4.81 0.0000
4.82 0.0000
4.83 0.0000
4.84 0.0000
4.85 0.0000
4.86 0.0000
4.87 0.0000
4.88 0.0000
4.89 0.0000
4.90 0.0000
4.91 0.0000
4.92 0.0000
4.93 0.0000
4.94 0.0000
4.95 0.0000
4.96 0.0000
4.97 0.0000
4.98 0.0000
4.99 171.4905
5.00 171.4905
5.01 171.4905
5.02 171.4905
5.03 171.4905
5.04 168.4227
5.05 168.4227
5.06 168.4227
5.07 168.4227
5.08 169.0319
5.09 169.0319
5.10 169.6432
5.11 169.6432
5.12 171.4905
5.13 172.7332
5.14 175.2456
5.15 175.8794
5.16 175.8794
5.17 175.8794
5.18 175.8794
5.19 175.8794
5.20 175.2456
5.21 0.0000
5.22 0.0000
5.23 0.0000
5.24 0.0000
5.25 0.0000
5.26 0.0000
5.27 266.3910
5.28 266.3910
5.29 266.3910
5.30 265.4310
5.31 265.4310
5.32 265.4310
5.33 265.4310
5.34 266.3910
5.35 272.2242
5.36 277.1826
5.37 283.2521
5.38 288.4115
5.39 293.6648
5.40 299.0138
5.41 299.0138
5.42 299.0138
5.43 299.0138
5.44 296.8626
5.45 291.5521
5.46 289.4546
5.47 289.4546
5.48 289.4546
5.49 289.4546
5.50 290.5014
5.51 290.5014
5.52 290.5014
5.53 290.5014
5.54 290.5014
5.55 289.4546
5.56 288.4115
5.57 287.3721
5.58 278.1851
5.59 277.1826
5.60 272.2242
5.61 270.2657
5.62 262.5718
5.63 262.5718
5.64 262.5718
5.65 262.5718
5.66 264.4745
5.67 265.4310
5.68 267.3544
5.69 267.3544
5.70 267.3544
5.71 267.3544
5.72 266.3910
5.73 266.3910
5.74 265.4310
5.75 265.4310
5.76 264.4745
5.77 263.5214
5.78 263.5214
5.79 263.5214
5.80 264.4745
5.81 265.4310
5.82 266.3910
5.83 266.3910
5.84 266.3910
5.85 266.3910
5.86 263.5214
5.87 262.5718
5.88 0.0000
5.89 0.0000
5.90 0.0000
5.91 0.0000
5.92 0.0000
5.93 0.0000
5.94 0.0000
5.95 0.0000
5.96 0.0000
5.97 0.0000
5.98 0.0000
5.99 0.0000
6.00 0.0000
6.01 0.0000
6.02 0.0000
6.03 0.0000
6.04 0.0000
6.05 0.0000
6.06 0.0000
6.07 0.0000
6.08 0.0000
6.09 0.0000
6.10 0.0000
6.11 0.0000
6.12 0.0000
6.13 0.0000
6.14 0.0000
6.15 0.0000
6.16 0.0000
6.17 0.0000
6.18 0.0000
6.19 0.0000
6.20 0.0000
6.21 0.0000
6.22 0.0000
6.23 0.0000
6.24 0.0000
6.25 0.0000
6.26 0.0000
6.27 0.0000
6.28 0.0000
6.29 0.0000
6.30 0.0000
6.31 0.0000
6.32 0.0000
6.33 0.0000
6.34 0.0000
6.35 0.0000
6.36 0.0000
6.37 0.0000
6.38 0.0000
6.39 0.0000
6.40 0.0000
6.41 0.0000
6.42 0.0000
6.43 0.0000
6.44 0.0000
6.45 0.0000
6.46 0.0000
6.47 271.2432
6.48 271.2432
6.49 271.2432
6.50 270.2657
6.51 270.2657
6.52 270.2657
6.53 272.2242
6.54 274.1968
6.55 278.1851
6.56 283.2521
6.57 287.3721
6.58 291.5521
6.59 294.7269
6.60 302.2698
6.61 303.3630
6.62 303.3630
6.63 303.3630
6.64 302.2698
6.65 301.1805
6.66 301.1805
6.67 301.1805
6.68 301.1805
6.69 302.2698
6.70 303.3630
6.71 304.4602
6.72 304.4602
6.73 304.4602
6.74 303.3630
6.75 303.3630
6.76 302.2698
6.77 291.5521
6.78 290.5014
6.79 266.3910
6.80 266.3910
6.81 266.3910
6.82 265.4310
6.83 265.4310
6.84 265.4310
6.85 265.4310
6.86 265.4310
6.87 265.4310
6.88 265.4310
6.89 265.4310
6.90 265.4310
6.91 265.4310
6.92 263.5214
6.93 262.5718
6.94 262.5718
6.95 262.5718
6.96 262.5718
6.97 263.5214
6.98 263.5214
6.99 263.5214
7.00 262.5718
7.01 262.5718
7.02 260.6828
7.03 259.7434
7.04 0.0000
7.05 0.0000
7.06 0.0000
7.07 0.0000
7.08 0.0000
7.09 0.0000
7.10 0.0000
7.11 0.0000
7.12 0.0000
7.13 0.0000
7.14 0.0000
7.15 0.0000
7.16 0.0000
7.17 0.0000
7.18 0.0000
7.19 0.0000
7.20 0.0000
7.21 0.0000
7.22 0.0000
7.23 0.0000
7.24 0.0000
7.25 0.0000
7.26 0.0000
7.27 0.0000
7.28 0.0000
7.29 0.0000
7.30 0.0000
7.31 0.0000
7.32 0.0000
7.33 0.0000
7.34 0.0000
7.35 0.0000
7.36 0.0000
7.37 0.0000
7.38 0.0000
7.39 0.0000
7.40 0.0000
7.41 233.0819
7.42 241.6502
7.43 248.7311
7.44 259.7434
7.45 259.7434
7.46 260.6828
7.47 260.6828
7.48 260.6828
7.49 260.6828
7.50 260.6828
7.51 260.6828
7.52 261.6256
7.53 263.5214
7.54 264.4745
7.55 266.3910
7.56 269.2918
7.57 269.2918
7.58 269.2918
7.59 269.2918
7.60 269.2918
7.61 266.3910
7.62 266.3910
7.63 265.4310
7.64 265.4310
7.65 265.4310
7.66 271.2432
7.67 277.1826
7.68 283.2521
7.69 288.4115
7.70 292.6065
7.71 297.9362
7.72 303.3630
7.73 303.3630
7.74 303.3630
7.75 303.3630
7.76 302.2698
7.77 292.6065
7.78 291.5521
7.79 290.5014
7.80 0.0000
7.81 0.0000
7.82 0.0000
7.83 0.0000
7.84 0.0000
7.85 0.0000
7.86 0.0000
7.87 0.0000
7.88 0.0000
7.89 0.0000
7.90 0.0000
7.91 0.0000
7.92 0.0000
7.93 0.0000
7.94 0.0000
7.95 0.0000
7.96 261.6256
7.97 261.6256
7.98 261.6256
7.99 261.6256
8.00 262.5718
8.01 262.5718
8.02 263.5214
8.03 263.5214
8.04 263.5214
8.05 264.4745
8.06 265.4310
8.07 265.4310
8.08 265.4310
8.09 265.4310
8.10 265.4310
8.11 266.3910
8.12 266.3910
8.13 267.3544
8.14 267.3544
8.15 269.2918
8.16 270.2657
8.17 272.2242
8.18 273.2087
8.19 276.1838
8.20 278.1851
8.21 278.1851
8.22 278.1851
8.23 266.3910
8.24 266.3910
8.25 266.3910
8.26 266.3910
8.27 266.3910
8.28 266.3910
8.29 266.3910
8.30 266.3910
8.31 265.4310
8.32 265.4310
8.33 265.4310
8.34 266.3910
8.35 272.2242
8.36 277.1826
8.37 277.1826
8.38 277.1826
8.39 277.1826
8.40 277.1826
8.41 271.2432
8.42 266.3910
8.43 266.3910
8.44 260.6828
8.45 259.7434
8.46 258.8073
8.47 255.0969
8.48 255.0969
8.49 255.0969
8.50 255.0969
8.51 258.8073
8.52 260.6828
8.53 262.5718
8.54 265.4310
8.55 266.3910
8.56 266.3910
8.57 266.3910
8.58 266.3910
8.59 266.3910
8.60 267.3544
8.61 268.3214
8.62 270.2657
8.63 271.2432
8.64 271.2432
8.65 271.2432
8.66 271.2432
8.67 270.2657
8.68 265.4310
8.69 259.7434
8.70 0.0000
8.71 0.0000
8.72 0.0000
8.73 0.0000
8.74 0.0000
8.75 0.0000
8.76 0.0000
8.77 0.0000
8.78 0.0000
8.79 0.0000
8.80 0.0000
8.81 287.3721
8.82 292.6065
8.83 302.2698
8.84 302.2698
8.85 302.2698
8.86 302.2698
8.87 302.2698
8.88 301.1805
8.89 299.0138
8.90 297.9362
8.91 296.8626
8.92 291.5521
8.93 291.5521
8.94 0.0000
8.95 0.0000
8.96 0.0000
8.97 0.0000
8.98 0.0000
8.99 0.0000
9.00 0.0000
9.01 0.0000
9.02 0.0000
9.03 0.0000
9.04 0.0000
9.05 0.0000
9.06 0.0000
9.07 278.1851
9.08 283.2521
9.09 287.3721
9.10 288.4115
9.11 293.6648
9.12 302.2698
9.13 303.3630
9.14 304.4602
9.15 305.5613
9.16 306.6664
9.17 307.7755
9.18 307.7755
9.19 308.8886
9.20 310.0058
9.21 310.0058
9.22 310.0058
9.23 310.0058
9.24 310.0058
9.25 319.0897
9.26 323.7309
9.27 324.9018
9.28 324.9018
9.29 324.9018
9.30 324.9018
9.31 324.9018
9.32 324.9018
9.33 324.9018
9.34 326.0768
9.35 327.2561
9.36 328.4397
9.37 329.6276
9.38 330.8197
9.39 330.8197
9.40 330.8197
9.41 332.0162
9.42 332.0162
9.43 332.0162
9.44 332.0162
9.45 332.0162
9.46 332.0162
9.47 332.0162
9.48 332.0162
9.49 332.0162
9.50 332.0162
9.51 332.0162
9.52 332.0162
9.53 332.0162
9.54 332.0162
9.55 332.0162
9.56 332.0162
9.57 332.0162
9.58 332.0162
9.59 332.0162
9.60 332.0162
9.61 333.2170
9.62 333.2170
9.63 333.2170
9.64 333.2170
9.65 333.2170
9.66 333.2170
9.67 333.2170
9.68 333.2170
9.69 333.2170
9.70 333.2170
9.71 333.2170
9.72 333.2170
9.73 333.2170
9.74 333.2170
9.75 333.2170
9.76 333.2170
9.77 333.2170
9.78 333.2170
9.79 333.2170
9.80 333.2170
9.81 333.2170
9.82 334.4221
9.83 336.8455
9.84 336.8455
9.85 336.8455
9.86 335.6316
9.87 335.6316
9.88 335.6316
9.89 334.4221
9.90 333.2170
9.91 332.0162
9.92 332.0162
9.93 330.8197
9.94 329.6276
9.95 0.0000
9.96 0.0000
9.97 0.0000
9.98 0.0000
9.99 0.0000
10.00 0.0000
10.01 0.0000
10.02 0.0000
10.03 0.0000
10.04 266.3910
10.05 266.3910
10.06 266.3910
10.07 266.3910
10.08 266.3910
10.09 262.5718
10.10 259.7434
10.11 0.0000
10.12 0.0000
10.13 0.0000
10.14 0.0000
10.15 0.0000
10.16 0.0000
10.17 0.0000
10.18 0.0000
10.19 0.0000
10.20 0.0000
10.21 0.0000
10.22 0.0000
10.23 0.0000
10.24 0.0000
10.25 0.0000
10.26 0.0000
10.27 0.0000
10.28 0.0000
10.29 0.0000
10.30 0.0000
10.31 0.0000
10.32 0.0000
10.33 319.0897
10.34 329.6276
10.35 332.0162
10.36 336.8455
10.37 341.7450
10.38 349.2282
10.39 350.4913
10.40 350.4913
10.41 351.7589
10.42 353.0311
10.43 358.1660
10.44 359.4614
10.45 359.4614
10.46 359.4614
10.47 359.4614
10.48 359.4614
10.49 359.4614
10.50 356.8753
10.51 356.8753
10.52 356.8753
10.53 355.5893
10.54 354.3079
10.55 354.3079
10.56 354.3079
10.57 353.0311
10.58 353.0311
10.59 353.0311
10.60 351.7589
10.61 351.7589
10.62 351.7589
10.63 351.7589
10.64 351.7589
10.65 351.7589
10.66 353.0311
10.67 354.3079
10.68 355.5893
10.69 356.8753
10.70 358.1660
10.71 359.4614
10.72 359.4614
10.73 359.4614
10.74 359.4614
10.75 358.1660
10.76 356.8753
10.77 355.5893
10.78 353.0311
10.79 350.4913
10.80 344.2214
10.81 341.7450
10.82 341.7450
10.83 341.7450
10.84 341.7450
10.85 346.7158
10.86 349.2282
10.87 354.3079
10.88 359.4614
10.89 363.3757
10.90 363.3757
10.91 363.3757
10.92 363.3757
10.93 360.7615
10.94 359.4614
10.95 355.5893
10.96 350.4913
10.97 344.2214
10.98 344.2214
10.99 344.2214
11.00 344.2214
11.01 345.4663
11.02 345.4663
11.03 345.4663
11.04 345.4663
11.05 341.7450
11.06 335.6316
11.07 332.0162
11.08 320.2437
11.09 303.3630
11.10 303.3630
11.11 303.3630
11.12 308.8886
11.13 316.7940
11.14 320.2437
11.15 330.8197
11.16 333.2170
11.17 336.8455
11.18 341.7450
11.19 342.9810
11.20 342.9810
11.21 342.9810
11.22 342.9810
11.23 342.9810
11.24 342.9810
11.25 342.9810
11.26 344.2214
11.27 345.4663
11.28 345.4663
11.29 345.4663
11.30 345.4663
11.31 345.4663
11.32 344.2214
11.33 335.6316
11.34 335.6316
11.35 335.6316
11.36 336.8455
11.37 341.7450
11.38 345.4663
11.39 346.7158
11.40 346.7158
11.41 346.7158
11.42 346.7158
11.43 346.7158
11.44 346.7158
11.45 345.4663
11.46 345.4663
11.47 0.0000
11.48 0.0000
11.49 0.0000
11.50 0.0000
11.51 0.0000
11.52 0.0000
11.53 0.0000
11.54 0.0000
11.55 0.0000
11.56 0.0000
11.57 0.0000
11.58 0.0000
11.59 0.0000
11.60 0.0000
11.61 0.0000
11.62 0.0000
11.63 0.0000
11.64 0.0000
11.65 0.0000
11.66 332.0162
11.67 333.2170
11.68 341.7450
11.69 349.2282
11.70 350.4913
11.71 350.4913
11.72 350.4913
11.73 350.4913
11.74 350.4913
11.75 350.4913
11.76 350.4913
11.77 351.7589
11.78 351.7589
11.79 351.7589
11.80 353.0311
11.81 353.0311
11.82 355.5893
11.83 356.8753
11.84 359.4614
11.85 360.7615
11.86 360.7615
11.87 360.7615
11.88 359.4614
11.89 359.4614
11.90 355.5893
11.91 351.7589
11.92 349.2282
11.93 344.2214
11.94 344.2214
11.95 344.2214
11.96 345.4663
11.97 349.2282
11.98 356.8753
11.99 367.3326
12.00 383.5958
12.01 386.3755
12.02 386.3755
12.03 386.3755
12.04 378.0962
12.05 372.6756
12.06 350.4913
12.07 340.5135
12.08 339.2864
12.09 339.2864
12.10 339.2864
12.11 340.5135
12.12 341.7450
12.13 347.9697
12.14 350.4913
12.15 350.4913
12.16 350.4913
12.17 346.7158
12.18 332.0162
12.19 0.0000
12.20 0.0000
12.21 0.0000
12.22 0.0000
12.23 0.0000
12.24 0.0000
12.25 0.0000
12.26 0.0000
12.27 254.1776
12.28 254.1776
12.29 254.1776
12.30 254.1776
12.31 254.1776
12.32 254.1776
12.33 0.0000
12.34 0.0000
12.35 0.0000
12.36 0.0000
12.37 259.7434
12.38 259.7434
12.39 260.6828
12.40 265.4310
12.41 265.4310
12.42 265.4310
12.43 265.4310
12.44 265.4310
12.45 265.4310
12.46 265.4310
12.47 265.4310
12.48 265.4310
12.49 265.4310
12.50 265.4310
12.51 262.5718
12.52 259.7434
12.53 259.7434
12.54 221.5942
12.55 221.5942
12.56 221.5942
12.57 221.5942
12.58 221.5942
12.59 221.5942
12.60 221.5942
12.61 221.5942
12.62 221.5942
12.63 0.0000
12.64 0.0000
12.65 0.0000
12.66 0.0000
12.67 0.0000
12.68 0.0000
12.69 0.0000
12.70 0.0000
12.71 0.0000
12.72 0.0000
12.73 0.0000
12.74 0.0000
12.75 0.0000
12.76 0.0000
12.77 0.0000
12.78 0.0000
12.79 0.0000
12.80 0.0000
12.81 0.0000
12.82 0.0000
12.83 0.0000
12.84 0.0000
12.85 0.0000
12.86 0.0000
12.87 0.0000
12.88 0.0000
12.89 256.0195
12.90 258.8073
12.91 259.7434
12.92 261.6256
12.93 262.5718
12.94 265.4310
12.95 266.3910
12.96 271.2432
12.97 274.1968
12.98 277.1826
12.99 283.2521
13.00 287.3721
13.01 288.4115
13.02 291.5521
13.03 291.5521
13.04 291.5521
13.05 0.0000
13.06 0.0000
13.07 0.0000
13.08 0.0000
13.09 0.0000
13.10 0.0000
13.11 0.0000
13.12 0.0000
13.13 0.0000
13.14 0.0000
13.15 0.0000
13.16 0.0000
13.17 287.3721
13.18 288.4115
13.19 291.5521
13.20 293.6648
13.21 299.0138
13.22 300.0952
13.23 300.0952
13.24 300.0952
13.25 300.0952
13.26 299.0138
13.27 299.0138
13.28 297.9362
13.29 297.9362
13.30 297.9362
13.31 297.9362
13.32 297.9362
13.33 296.8626
13.34 296.8626
13.35 296.8626
13.36 297.9362
13.37 297.9362
13.38 297.9362
13.39 299.0138
13.40 300.0952
13.41 302.2698
13.42 303.3630
13.43 304.4602
13.44 304.4602
13.45 305.5613
13.46 305.5613
13.47 305.5613
13.48 304.4602
13.49 304.4602
13.50 303.3630
13.51 303.3630
13.52 302.2698
13.53 302.2698
13.54 299.0138
13.55 291.5521
13.56 288.4115
13.57 287.3721
13.58 287.3721
13.59 287.3721
13.60 288.4115
13.61 292.6065
13.62 302.2698
13.63 303.3630
13.64 310.0058
13.65 310.0058
13.66 310.0058
13.67 308.8886
13.68 307.7755
13.69 304.4602
13.70 303.3630
13.71 291.5521
13.72 290.5014
13.73 278.1851
13.74 277.1826
13.75 272.2242
13.76 272.2242
13.77 0.0000
13.78 0.0000
13.79 0.0000
13.80 0.0000
13.81 0.0000
13.82 0.0000
13.83 0.0000
13.84 0.0000
13.85 0.0000
13.86 0.0000
13.87 0.0000
13.88 0.0000
13.89 0.0000
13.90 0.0000
13.91 0.0000
13.92 0.0000
13.93 0.0000
13.94 0.0000
13.95 0.0000
13.96 0.0000
13.97 0.0000
13.98 0.0000
13.99 0.0000
14.00 0.0000
14.01 0.0000
14.02 0.0000
14.03 0.0000
14.04 0.0000
14.05 0.0000
14.06 0.0000
14.07 0.0000
14.08 0.0000
14.09 0.0000
14.10 0.0000
14.11 0.0000
14.12 0.0000
14.13 0.0000
14.14 0.0000
14.15 0.0000
14.16 0.0000
14.17 0.0000
14.18 0.0000
14.19 0.0000
14.20 0.0000
14.21 0.0000
14.22 0.0000
14.23 0.0000
14.24 0.0000
14.25 0.0000
14.26 0.0000
14.27 0.0000
14.28 0.0000
14.29 0.0000
14.30 0.0000
14.31 0.0000
14.32 0.0000
14.33 0.0000
14.34 0.0000
14.35 0.0000
14.36 0.0000
14.37 0.0000
14.38 0.0000
14.39 0.0000
14.40 0.0000
14.41 0.0000
14.42 0.0000
14.43 0.0000
14.44 0.0000
14.45 0.0000
14.46 0.0000
14.47 0.0000
14.48 0.0000
14.49 0.0000
14.50 0.0000
14.51 0.0000
14.52 0.0000
14.53 0.0000
14.54 0.0000
14.55 0.0000
14.56 0.0000
14.57 0.0000
14.58 0.0000
14.59 0.0000
14.60 0.0000
14.61 0.0000
14.62 0.0000
14.63 0.0000
14.64 0.0000
14.65 0.0000
14.66 0.0000
14.67 0.0000
14.68 0.0000
14.69 0.0000
14.70 0.0000
14.71 0.0000
14.72 0.0000
14.73 0.0000
14.74 0.0000
14.75 0.0000
14.76 0.0000
14.77 0.0000
14.78 0.0000
14.79 0.0000
14.80 0.0000
14.81 0.0000
14.82 0.0000
14.83 0.0000
14.84 0.0000
14.85 0.0000
14.86 0.0000
14.87 0.0000
14.88 0.0000
14.89 0.0000
14.90 0.0000
14.91 0.0000
14.92 0.0000
14.93 0.0000
14.94 0.0000
14.95 0.0000
14.96 0.0000
14.97 0.0000
14.98 0.0000
14.99 0.0000
15.00 0.0000
15.01 0.0000
15.02 0.0000
15.03 0.0000
15.04 0.0000
15.05 0.0000
15.06 0.0000
15.07 0.0000
15.08 0.0000
15.09 0.0000
15.10 0.0000
15.11 0.0000
15.12 0.0000
15.13 0.0000
15.14 0.0000
15.15 0.0000
15.16 0.0000
15.17 0.0000
15.18 0.0000
15.19 0.0000
15.20 0.0000
15.21 0.0000
15.22 0.0000
15.23 0.0000
15.24 0.0000
15.25 0.0000
15.26 0.0000
15.27 0.0000
15.28 0.0000
15.29 0.0000
15.30 0.0000
15.31 0.0000
15.32 0.0000
15.33 0.0000
15.34 0.0000
15.35 0.0000
15.36 0.0000
15.37 0.0000
15.38 0.0000
15.39 0.0000
15.40 0.0000
15.41 0.0000
15.42 0.0000
15.43 0.0000
15.44 0.0000
15.45 0.0000
15.46 0.0000
15.47 0.0000
15.48 0.0000
15.49 0.0000
15.50 0.0000
15.51 0.0000
15.52 0.0000
15.53 0.0000
15.54 0.0000
15.55 0.0000
15.56 0.0000
15.57 0.0000
15.58 0.0000
15.59 0.0000
15.60 0.0000
15.61 0.0000
15.62 0.0000
15.63 0.0000
15.64 0.0000
15.65 0.0000
15.66 0.0000
15.67 0.0000
15.68 0.0000
15.69 0.0000
15.70 0.0000
15.71 0.0000
15.72 0.0000
15.73 0.0000
15.74 0.0000
15.75 0.0000
15.76 0.0000
15.77 0.0000
15.78 0.0000
15.79 0.0000
15.80 0.0000
15.81 0.0000
15.82 0.0000
15.83 0.0000
15.84 0.0000
15.85 0.0000
15.86 0.0000
15.87 0.0000
15.88 0.0000
15.89 0.0000
15.90 0.0000
15.91 0.0000
15.92 0.0000
15.93 311.1270
15.94 319.0897
15.95 329.6276
15.96 333.2170
15.97 340.5135
15.98 341.7450
15.99 344.2214
16.00 346.7158
16.01 347.9697
16.02 347.9697
16.03 349.2282
16.04 349.2282
16.05 349.2282
16.06 349.2282
16.07 347.9697
16.08 347.9697
16.09 0.0000
16.10 0.0000
16.11 0.0000
16.12 0.0000
16.13 0.0000
16.14 0.0000
16.15 0.0000
16.16 0.0000
16.17 0.0000
16.18 347.9697
16.19 349.2282
16.20 349.2282
16.21 349.2282
16.22 350.4913
16.23 350.4913
16.24 351.7589
16.25 351.7589
16.26 351.7589
16.27 351.7589
16.28 351.7589
16.29 351.7589
16.30 351.7589
16.31 350.4913
16.32 350.4913
16.33 350.4913
16.34 350.4913
16.35 350.4913
16.36 350.4913
16.37 350.4913
16.38 349.2282
16.39 349.2282
16.40 347.9697
16.41 346.7158
16.42 345.4663
16.43 0.0000
16.44 0.0000
16.45 0.0000
16.46 0.0000
16.47 349.2282
16.48 349.2282
16.49 349.2282
16.50 349.2282
16.51 347.9697
16.52 347.9697
16.53 347.9697
16.54 347.9697
16.55 347.9697
16.56 347.9697
16.57 349.2282
16.58 349.2282
16.59 350.4913
16.60 354.3079
16.61 358.1660
16.62 362.0662
16.63 367.3326
16.64 372.6756
16.65 372.6756
16.66 372.6756
16.67 372.6756
16.68 371.3326
16.69 367.3326
16.70 360.7615
16.71 350.4913
16.72 333.2170
16.73 333.2170
16.74 333.2170
16.75 334.4221
16.76 335.6316
16.77 340.5135
16.78 341.7450
16.79 349.2282
16.80 355.5893
16.81 360.7615
16.82 360.7615
16.83 360.7615
16.84 360.7615
16.85 359.4614
16.86 353.0311
16.87 349.2282
16.88 341.7450
16.89 340.5135
16.90 340.5135
16.91 340.5135
16.92 341.7450
16.93 341.7450
16.94 341.7450
16.95 341.7450
16.96 340.5135
16.97 333.2170
16.98 332.0162
16.99 0.0000
17.00 0.0000
17.01 0.0000
17.02 254.1776
17.03 254.1776
17.04 254.1776
17.05 254.1776
17.06 255.0969
17.07 255.0969
17.08 255.0969
17.09 0.0000
17.10 0.0000
17.11 0.0000
17.12 0.0000
17.13 0.0000
17.14 0.0000
17.15 0.0000
17.16 0.0000
17.17 0.0000
17.18 0.0000
17.19 0.0000
17.20 0.0000
17.21 0.0000
17.22 0.0000
17.23 0.0000
17.24 0.0000
17.25 0.0000
17.26 0.0000
17.27 0.0000
17.28 0.0000
17.29 0.0000
17.30 0.0000
17.31 0.0000
17.32 0.0000
17.33 0.0000
17.34 302.2698
17.35 302.2698
17.36 302.2698
17.37 302.2698
17.38 302.2698
17.39 299.0138
17.40 291.5521
17.41 289.4546
17.42 288.4115
17.43 278.1851
17.44 259.7434
17.45 249.6307
17.46 240.7794
17.47 233.9249
17.48 233.0819
17.49 231.4050
17.50 225.6305
17.51 224.8174
17.52 222.3956
17.53 220.7957
17.54 219.2072
17.55 217.6302
17.56 216.8459
17.57 216.0645
17.58 212.1993
17.59 212.1993
17.60 212.1993
17.61 212.1993
17.62 216.8459
17.63 220.0000
17.64 220.7957
17.65 220.7957
17.66 220.7957
17.67 0.0000
17.68 0.0000
17.69 0.0000
17.70 0.0000
17.71 0.0000
17.72 0.0000
17.73 0.0000
17.74 0.0000
17.75 0.0000
17.76 0.0000
17.77 0.0000
17.78 0.0000
17.79 0.0000
17.80 0.0000
17.81 0.0000
17.82 0.0000
17.83 249.6307
17.84 254.1776
17.85 257.8747
17.86 257.8747
17.87 257.8747
17.88 256.9454
17.89 256.9454
17.90 256.9454
17.91 256.9454
17.92 256.9454
17.93 256.9454
17.94 257.8747
17.95 257.8747
17.96 257.8747
17.97 258.8073
17.98 258.8073
17.99 259.7434
18.00 259.7434
18.01 259.7434
18.02 259.7434
18.03 258.8073
18.04 257.8747
18.05 257.8747
18.06 257.8747
18.07 257.8747
18.08 257.8747
18.09 257.8747
18.10 258.8073
18.11 258.8073
18.12 259.7434
18.13 259.7434
18.14 261.6256
18.15 261.6256
18.16 264.4745
18.17 266.3910
18.18 271.2432
18.19 272.2242
18.20 272.2242
18.21 272.2242
18.22 271.2432
18.23 271.2432
18.24 266.3910
18.25 260.6828
18.26 255.0969
18.27 255.0969
18.28 255.0969
18.29 255.0969
18.30 259.7434
18.31 260.6828
18.32 266.3910
18.33 272.2242
18.34 278.1851
18.35 287.3721
18.36 290.5014
18.37 290.5014
18.38 290.5014
18.39 288.4115
18.40 287.3721
18.41 277.1826
18.42 272.2242
18.43 266.3910
18.44 260.6828
18.45 260.6828
18.46 260.6828
18.47 262.5718
18.48 265.4310
18.49 278.1851
18.50 287.3721
18.51 297.9362
18.52 297.9362
18.53 297.9362
18.54 293.6648
18.55 291.5521
18.56 289.4546
18.57 278.1851
18.58 278.1851
18.59 255.0969
18.60 254.1776
18.61 254.1776
18.62 254.1776
18.63 254.1776
18.64 254.1776
18.65 254.1776
18.66 0.0000
18.67 0.0000
18.68 0.0000
18.69 0.0000
18.70 0.0000
18.71 0.0000
18.72 0.0000
18.73 0.0000
18.74 0.0000
18.75 0.0000
18.76 0.0000
18.77 0.0000
18.78 0.0000
18.79 0.0000
18.80 0.0000
18.81 0.0000
18.82 0.0000
18.83 0.0000
18.84 0.0000
18.85 0.0000
18.86 0.0000
18.87 0.0000
18.88 0.0000
18.89 0.0000
18.90 0.0000
18.91 0.0000
18.92 0.0000
18.93 0.0000
18.94 0.0000
18.95 0.0000
18.96 0.0000
18.97 0.0000
18.98 0.0000
18.99 0.0000
19.00 0.0000
19.01 0.0000
19.02 0.0000
19.03 0.0000
19.04 0.0000
19.05 0.0000
19.06 0.0000
19.07 0.0000
19.08 0.0000
19.09 0.0000
19.10 0.0000
19.11 0.0000
19.12 0.0000
19.13 0.0000
19.14 0.0000
19.15 0.0000
19.16 0.0000
19.17 0.0000
19.18 0.0000
19.19 0.0000
19.20 0.0000
19.21 0.0000
19.22 0.0000
19.23 0.0000
19.24 0.0000
19.25 0.0000
19.26 0.0000
19.27 0.0000
19.28 0.0000
19.29 0.0000
19.30 0.0000
19.31 0.0000
19.32 0.0000
19.33 0.0000
19.34 0.0000
19.35 0.0000
19.36 0.0000
19.37 0.0000
19.38 0.0000
19.39 0.0000
19.40 0.0000
19.41 0.0000
19.42 0.0000
19.43 0.0000
19.44 0.0000
19.45 0.0000
19.46 0.0000
19.47 0.0000
19.48 0.0000
19.49 0.0000
19.50 0.0000
19.51 0.0000
19.52 0.0000
19.53 0.0000
19.54 0.0000
19.55 0.0000
19.56 0.0000
19.57 0.0000
19.58 0.0000
19.59 0.0000
19.60 0.0000
19.61 0.0000
19.62 0.0000
19.63 0.0000
19.64 0.0000
19.65 0.0000
19.66 0.0000
19.67 0.0000
19.68 0.0000
19.69 0.0000
19.70 0.0000
19.71 0.0000
19.72 0.0000
19.73 0.0000
19.74 0.0000
19.75 0.0000
19.76 0.0000
19.77 0.0000
19.78 0.0000
19.79 0.0000
19.80 0.0000
19.81 0.0000
19.82 0.0000
19.83 0.0000
19.84 0.0000
19.85 0.0000
19.86 0.0000
19.87 0.0000
19.88 0.0000
19.89 0.0000
19.90 0.0000
19.91 0.0000
19.92 0.0000
19.93 0.0000
19.94 0.0000
19.95 0.0000
19.96 0.0000
19.97 0.0000
19.98 0.0000
19.99 0.0000
20.00 0.0000
20.01 0.0000
20.02 0.0000
20.03 0.0000
20.04 0.0000
20.05 0.0000
20.06 0.0000
20.07 0.0000
20.08 0.0000
20.09 0.0000
20.10 0.0000
20.11 0.0000
20.12 0.0000
20.13 0.0000
20.14 0.0000
20.15 0.0000
20.16 0.0000
20.17 0.0000
20.18 0.0000
20.19 0.0000
20.20 0.0000
20.21 0.0000
20.22 0.0000
20.23 0.0000
20.24 0.0000
20.25 0.0000
20.26 0.0000
20.27 0.0000
20.28 0.0000
20.29 0.0000
20.30 0.0000
20.31 0.0000
20.32 0.0000
20.33 0.0000
20.34 0.0000
20.35 0.0000
20.36 0.0000
20.37 0.0000
20.38 0.0000
20.39 0.0000
20.40 0.0000
20.41 0.0000
20.42 0.0000
20.43 0.0000
20.44 0.0000
20.45 0.0000
20.46 0.0000
20.47 0.0000
20.48 0.0000
20.49 0.0000
20.50 0.0000
20.51 0.0000
20.52 0.0000
20.53 0.0000
20.54 0.0000
20.55 0.0000
20.56 0.0000
20.57 0.0000
20.58 0.0000
20.59 0.0000
20.60 0.0000
20.61 0.0000
20.62 0.0000
20.63 0.0000
20.64 0.0000
20.65 0.0000
20.66 0.0000
20.67 0.0000
20.68 0.0000
20.69 0.0000
20.70 311.1270
20.71 319.0897
20.72 328.4397
20.73 332.0162
20.74 336.8455
20.75 341.7450
20.76 342.9810
20.77 346.7158
20.78 346.7158
20.79 346.7158
20.80 347.9697
20.81 347.9697
20.82 349.2282
20.83 351.7589
20.84 355.5893
20.85 355.5893
20.86 355.5893
20.87 355.5893
20.88 353.0311
20.89 351.7589
20.90 349.2282
20.91 332.0162
20.92 332.0162
20.93 330.8197
20.94 330.8197
20.95 330.8197
20.96 332.0162
20.97 332.0162
20.98 336.8455
20.99 341.7450
21.00 347.9697
21.01 350.4913
21.02 351.7589
21.03 353.0311
21.04 353.0311
21.05 353.0311
21.06 353.0311
21.07 353.0311
21.08 351.7589
21.09 351.7589
21.10 350.4913
21.11 349.2282
21.12 349.2282
21.13 0.0000
21.14 0.0000
21.15 0.0000
21.16 0.0000
21.17 0.0000
21.18 0.0000
21.19 0.0000
21.20 0.0000
21.21 0.0000
21.22 0.0000
21.23 0.0000
21.24 0.0000
21.25 0.0000
21.26 353.0311
21.27 353.0311
21.28 353.0311
21.29 351.7589
21.30 349.2282
21.31 349.2282
21.32 347.9697
21.33 346.7158
21.34 346.7158
21.35 346.7158
21.36 346.7158
21.37 346.7158
21.38 349.2282
21.39 351.7589
21.40 354.3079
21.41 356.8753
21.42 362.0662
21.43 367.3326
21.44 371.3326
21.45 371.3326
21.46 371.3326
21.47 368.6611
21.48 367.3326
21.49 360.7615
21.50 355.5893
21.51 340.5135
21.52 340.5135
21.53 340.5135
21.54 340.5135
21.55 341.7450
21.56 341.7450
21.57 346.7158
21.58 351.7589
21.59 359.4614
21.60 360.7615
21.61 362.0662
21.62 362.0662
21.63 362.0662
21.64 360.7615
21.65 359.4614
21.66 354.3079
21.67 349.2282
21.68 347.9697
21.69 347.9697
21.70 347.9697
21.71 349.2282
21.72 350.4913
21.73 353.0311
21.74 353.0311
21.75 353.0311
21.76 350.4913
21.77 349.2282
21.78 345.4663
21.79 332.0162
21.80 0.0000
21.81 0.0000
21.82 0.0000
21.83 0.0000
21.84 0.0000
21.85 0.0000
21.86 0.0000
21.87 253.2616
21.88 254.1776
21.89 255.0969
21.90 256.0195
21.91 258.8073
21.92 259.7434
21.93 259.7434
21.94 260.6828
21.95 260.6828
21.96 260.6828
21.97 259.7434
21.98 259.7434
21.99 259.7434
22.00 260.6828
22.01 260.6828
22.02 261.6256
22.03 262.5718
22.04 262.5718
22.05 262.5718
22.06 262.5718
22.07 262.5718
22.08 262.5718
22.09 262.5718
22.10 262.5718
22.11 262.5718
22.12 262.5718
22.13 262.5718
22.14 261.6256
22.15 259.7434
22.16 259.7434
22.17 248.7311
22.18 240.7794
22.19 239.9117
22.20 225.6305
22.21 225.6305
22.22 225.6305
22.23 225.6305
22.24 225.6305
22.25 225.6305
22.26 225.6305
22.27 225.6305
22.28 0.0000
22.29 0.0000
22.30 0.0000
22.31 0.0000
22.32 0.0000
22.33 0.0000
22.34 0.0000
22.35 0.0000
22.36 0.0000
22.37 0.0000
22.38 0.0000
22.39 0.0000
22.40 0.0000
22.41 0.0000
22.42 0.0000
22.43 0.0000
22.44 0.0000
22.45 287.3721
22.46 288.4115
22.47 292.6065
22.48 297.9362
22.49 302.2698
22.50 303.3630
22.51 303.3630
22.52 304.4602
22.53 304.4602
22.54 304.4602
22.55 307.7755
22.56 311.1270
22.57 316.7940
22.58 319.0897
22.59 323.7309
22.60 329.6276
22.61 332.0162
22.62 336.8455
22.63 336.8455
22.64 336.8455
22.65 336.8455
22.66 336.8455
22.67 336.8455
22.68 336.8455
22.69 335.6316
22.70 335.6316
22.71 333.2170
22.72 332.0162
22.73 332.0162
22.74 330.8197
22.75 0.0000
22.76 0.0000
22.77 0.0000
22.78 0.0000
22.79 0.0000
22.80 0.0000
22.81 0.0000
22.82 0.0000
22.83 0.0000
22.84 0.0000
22.85 0.0000
22.86 0.0000
22.87 0.0000
22.88 278.1851
22.89 283.2521
22.90 284.2766
22.91 286.3366
22.92 288.4115
22.93 291.5521
22.94 293.6648
22.95 294.7269
22.96 294.7269
22.97 295.7928
22.98 296.8626
22.99 296.8626
23.00 297.9362
23.01 297.9362
23.02 297.9362
23.03 297.9362
23.04 297.9362
23.05 297.9362
23.06 297.9362
23.07 297.9362
23.08 297.9362
23.09 296.8626
23.10 296.8626
23.11 296.8626
23.12 296.8626
23.13 296.8626
23.14 296.8626
23.15 296.8626
23.16 297.9362
23.17 299.0138
23.18 301.1805
23.19 303.3630
23.20 304.4602
23.21 307.7755
23.22 308.8886
23.23 308.8886
23.24 308.8886
23.25 308.8886
23.26 307.7755
23.27 303.3630
23.28 302.2698
23.29 292.6065
23.30 291.5521
23.31 291.5521
23.32 291.5521
23.33 291.5521
23.34 293.6648
23.35 297.9362
23.36 303.3630
23.37 311.1270
23.38 319.0897
23.39 329.6276
23.40 330.8197
23.41 330.8197
23.42 330.8197
23.43 330.8197
23.44 328.4397
23.45 320.2437
23.46 319.0897
23.47 310.0058
23.48 303.3630
23.49 303.3630
23.50 303.3630
23.51 303.3630
23.52 303.3630
23.53 303.3630
23.54 310.0058
23.55 311.1270
23.56 314.5149
23.57 317.9398
23.58 317.9398
23.59 317.9398
23.60 316.7940
23.61 312.2522
23.62 311.1270
23.63 303.3630
23.64 300.0952
23.65 290.5014
23.66 288.4115
23.67 287.3721
23.68 287.3721
23.69 287.3721
23.70 288.4115
23.71 291.5521
23.72 300.0952
23.73 311.1270
23.74 319.0897
23.75 319.0897
23.76 319.0897
23.77 317.9398
23.78 313.3815
23.79 311.1270
23.80 311.1270
23.81 308.8886
23.82 0.0000
23.83 0.0000
23.84 0.0000
23.85 0.0000
23.86 0.0000
23.87 0.0000
23.88 0.0000
23.89 0.0000
23.90 0.0000
23.91 0.0000
23.92 0.0000
23.93 0.0000
23.94 0.0000
23.95 0.0000
23.96 0.0000
23.97 0.0000
23.98 0.0000
23.99 0.0000
24.00 0.0000
24.01 0.0000
24.02 0.0000
24.03 0.0000
24.04 0.0000
24.05 0.0000
24.06 0.0000
24.07 0.0000
24.08 0.0000
24.09 0.0000
24.10 0.0000
24.11 0.0000
24.12 0.0000
24.13 0.0000
24.14 0.0000
24.15 0.0000
24.16 0.0000
24.17 0.0000
24.18 0.0000
24.19 0.0000
24.20 0.0000
24.21 0.0000
24.22 0.0000
24.23 0.0000
24.24 0.0000
24.25 0.0000
24.26 0.0000
24.27 0.0000
24.28 0.0000
24.29 0.0000
24.30 0.0000
24.31 0.0000
24.32 0.0000
24.33 0.0000
24.34 0.0000
24.35 0.0000
24.36 0.0000
24.37 0.0000
24.38 0.0000
24.39 0.0000
24.40 0.0000
24.41 0.0000
24.42 0.0000
24.43 0.0000
24.44 0.0000
24.45 0.0000
24.46 0.0000
24.47 0.0000
24.48 0.0000
24.49 0.0000
24.50 0.0000
24.51 0.0000
24.52 0.0000
24.53 0.0000
24.54 0.0000
24.55 0.0000
24.56 0.0000
24.57 0.0000
24.58 0.0000
24.59 0.0000
24.60 0.0000
24.61 0.0000
24.62 0.0000
24.63 0.0000
24.64 0.0000
24.65 0.0000
24.66 0.0000
24.67 0.0000
24.68 0.0000
24.69 0.0000
24.70 0.0000
24.71 0.0000
24.72 0.0000
24.73 0.0000
24.74 0.0000
24.75 0.0000
24.76 0.0000
24.77 0.0000
24.78 0.0000
24.79 0.0000
24.80 0.0000
24.81 0.0000
24.82 0.0000
24.83 0.0000
24.84 0.0000
24.85 0.0000
24.86 0.0000
24.87 0.0000
24.88 0.0000
24.89 0.0000
24.90 0.0000
24.91 0.0000
24.92 0.0000
24.93 0.0000
24.94 0.0000
24.95 0.0000
24.96 0.0000
24.97 0.0000
24.98 0.0000
24.99 0.0000
25.00 0.0000
25.01 0.0000
25.02 0.0000
25.03 0.0000
25.04 0.0000
25.05 0.0000
25.06 0.0000
25.07 0.0000
25.08 0.0000
25.09 0.0000
25.10 0.0000
25.11 0.0000
25.12 0.0000
25.13 0.0000
25.14 0.0000
25.15 0.0000
25.16 0.0000
25.17 0.0000
25.18 0.0000
25.19 0.0000
25.20 0.0000
25.21 0.0000
25.22 0.0000
25.23 0.0000
25.24 0.0000
25.25 0.0000
25.26 0.0000
25.27 0.0000
25.28 0.0000
25.29 0.0000
25.30 0.0000
25.31 0.0000
25.32 0.0000
25.33 0.0000
25.34 0.0000
25.35 0.0000
25.36 0.0000
25.37 0.0000
25.38 0.0000
25.39 0.0000
25.40 0.0000
25.41 0.0000
25.42 0.0000
25.43 0.0000
25.44 0.0000
25.45 0.0000
25.46 0.0000
25.47 0.0000
25.48 0.0000
25.49 0.0000
25.50 278.1851
25.51 287.3721
25.52 291.5521
25.53 303.3630
25.54 307.7755
25.55 311.1270
25.56 317.9398
25.57 319.0897
25.58 328.4397
25.59 330.8197
25.60 335.6316
25.61 340.5135
25.62 341.7450
25.63 346.7158
25.64 350.4913
25.65 353.0311
25.66 353.0311
25.67 353.0311
25.68 353.0311
25.69 353.0311
25.70 353.0311
25.71 351.7589
25.72 350.4913
25.73 350.4913
25.74 349.2282
25.75 0.0000
25.76 0.0000
25.77 0.0000
25.78 0.0000
25.79 332.0162
25.80 341.7450
25.81 347.9697
25.82 349.2282
25.83 349.2282
25.84 349.2282
25.85 349.2282
25.86 349.2282
25.87 349.2282
25.88 349.2282
25.89 349.2282
25.90 349.2282
25.91 349.2282
25.92 349.2282
25.93 349.2282
25.94 350.4913
25.95 350.4913
25.96 350.4913
25.97 351.7589
25.98 351.7589
25.99 351.7589
26.00 350.4913
26.01 350.4913
26.02 350.4913
26.03 349.2282
26.04 349.2282
26.05 349.2282
26.06 349.2282
26.07 349.2282
26.08 347.9697
26.09 347.9697
26.10 346.7158
26.11 346.7158
26.12 346.7158
26.13 346.7158
26.14 347.9697
26.15 347.9697
26.16 349.2282
26.17 350.4913
26.18 354.3079
26.19 359.4614
26.20 360.7615
26.21 367.3326
26.22 372.6756
26.23 372.6756
26.24 372.6756
26.25 372.6756
26.26 368.6611
26.27 367.3326
26.28 360.7615
26.29 351.7589
26.30 347.9697
26.31 347.9697
26.32 347.9697
26.33 347.9697
26.34 350.4913
26.35 353.0311
26.36 356.8753
26.37 360.7615
26.38 367.3326
26.39 369.9944
26.40 371.3326
26.41 371.3326
26.42 371.3326
26.43 368.6611
26.44 367.3326
26.45 360.7615
26.46 354.3079
26.47 345.4663
26.48 344.2214
26.49 344.2214
26.50 344.2214
26.51 344.2214
26.52 347.9697
26.53 355.5893
26.54 360.7615
26.55 360.7615
26.56 360.7615
26.57 359.4614
26.58 355.5893
26.59 0.0000
26.60 0.0000
26.61 0.0000
26.62 0.0000
26.63 0.0000
26.64 0.0000
26.65 0.0000
26.66 0.0000
26.67 0.0000
26.68 0.0000
26.69 265.4310
26.70 266.3910
26.71 266.3910
26.72 266.3910
26.73 266.3910
26.74 266.3910
26.75 266.3910
26.76 0.0000
26.77 0.0000
26.78 0.0000
26.79 0.0000
26.80 0.0000
26.81 0.0000
26.82 0.0000
26.83 0.0000
26.84 0.0000
26.85 0.0000
26.86 0.0000
26.87 0.0000
26.88 0.0000
26.89 0.0000
26.90 0.0000
26.91 0.0000
26.92 0.0000
26.93 0.0000
26.94 0.0000
26.95 299.0138
26.96 299.0138
26.97 299.0138
26.98 299.0138
26.99 297.9362
27.00 292.6065
27.01 290.5014
27.02 288.4115
27.03 272.2242
27.04 260.6828
27.05 254.1776
27.06 248.7311
27.07 243.4013
27.08 239.9117
27.09 235.6200
27.10 233.9249
27.11 233.0819
27.12 233.0819
27.13 232.2419
27.14 231.4050
27.15 0.0000
27.16 0.0000
27.17 0.0000
27.18 0.0000
27.19 0.0000
27.20 0.0000
27.21 0.0000
27.22 0.0000
27.23 0.0000
27.24 0.0000
27.25 222.3956
27.26 222.3956
27.27 222.3956
27.28 0.0000
27.29 0.0000
27.30 0.0000
27.31 0.0000
27.32 0.0000
27.33 0.0000
27.34 0.0000
27.35 0.0000
27.36 0.0000
27.37 0.0000
27.38 0.0000
27.39 0.0000
27.40 0.0000
27.41 0.0000
27.42 0.0000
27.43 0.0000
27.44 0.0000
27.45 0.0000
27.46 0.0000
27.47 0.0000
27.48 0.0000
27.49 0.0000
27.50 0.0000
27.51 0.0000
27.52 0.0000
27.53 265.4310
27.54 265.4310
27.55 265.4310
27.56 265.4310
27.57 265.4310
27.58 265.4310
27.59 265.4310
27.60 265.4310
27.61 265.4310
27.62 265.4310
27.63 266.3910
27.64 266.3910
27.65 267.3544
27.66 268.3214
27.67 269.2918
27.68 269.2918
27.69 269.2918
27.70 268.3214
27.71 268.3214
27.72 268.3214
27.73 267.3544
27.74 267.3544
27.75 267.3544
27.76 267.3544
27.77 267.3544
27.78 267.3544
27.79 267.3544
27.80 268.3214
27.81 269.2918
27.82 269.2918
27.83 270.2657
27.84 271.2432
27.85 272.2242
27.86 272.2242
27.87 272.2242
27.88 266.3910
27.89 261.6256
27.90 259.7434
27.91 254.1776
27.92 254.1776
27.93 254.1776
27.94 254.1776
27.95 259.7434
27.96 265.4310
27.97 278.1851
27.98 287.3721
27.99 288.4115
28.00 288.4115
28.01 288.4115
28.02 287.3721
28.03 277.1826
28.04 272.2242
28.05 272.2242
28.06 272.2242
28.07 272.2242
28.08 273.2087
28.09 273.2087
28.10 273.2087
28.11 0.0000
28.12 0.0000
28.13 0.0000
28.14 0.0000
28.15 0.0000
28.16 0.0000
28.17 0.0000
28.18 0.0000
28.19 0.0000
28.20 0.0000
28.21 0.0000
28.22 0.0000
28.23 0.0000
28.24 0.0000
28.25 0.0000
28.26 0.0000
28.27 0.0000
28.28 0.0000
28.29 0.0000
28.30 0.0000
28.31 0.0000
28.32 0.0000
28.33 0.0000
28.34 0.0000
28.35 0.0000
28.36 0.0000
28.37 0.0000
28.38 0.0000
28.39 0.0000
28.40 0.0000
28.41 0.0000
28.42 0.0000
28.43 0.0000
28.44 0.0000
28.45 0.0000
28.46 0.0000
28.47 0.0000
28.48 0.0000
28.49 0.0000
28.50 0.0000
28.51 0.0000
28.52 0.0000
28.53 0.0000
28.54 0.0000
28.55 0.0000
28.56 0.0000
28.57 0.0000
28.58 0.0000
28.59 0.0000
28.60 0.0000
28.61 0.0000
28.62 0.0000
28.63 0.0000
28.64 0.0000
28.65 0.0000
28.66 0.0000
28.67 0.0000
28.68 0.0000
28.69 0.0000
28.70 0.0000
28.71 0.0000
28.72 249.6307
28.73 249.6307
28.74 259.7434
28.75 262.5718
28.76 262.5718
28.77 262.5718
28.78 260.6828
28.79 256.9454
28.80 256.9454
28.81 256.9454
28.82 256.9454
28.83 259.7434
28.84 260.6828
28.85 262.5718
28.86 266.3910
28.87 277.1826
28.88 278.1851
28.89 287.3721
28.90 291.5521
28.91 295.7928
28.92 295.7928
28.93 295.7928
28.94 295.7928
28.95 294.7269
28.96 294.7269
28.97 294.7269
28.98 294.7269
28.99 293.6648
29.00 293.6648
29.01 293.6648
29.02 293.6648
29.03 293.6648
29.04 293.6648
29.05 293.6648
29.06 0.0000
29.07 0.0000
29.08 0.0000
29.09 0.0000
29.10 0.0000
29.11 0.0000
29.12 0.0000
29.13 0.0000
29.14 0.0000
29.15 0.0000
29.16 0.0000
29.17 0.0000
29.18 0.0000
29.19 0.0000
29.20 0.0000
29.21 0.0000
29.22 0.0000
29.23 0.0000
29.24 0.0000
29.25 0.0000
29.26 0.0000
29.27 0.0000
29.28 0.0000
29.29 0.0000
29.30 0.0000
29.31 0.0000
29.32 0.0000
29.33 0.0000
29.34 258.8073
29.35 259.7434
29.36 259.7434
29.37 259.7434
29.38 259.7434
29.39 258.8073
29.40 258.8073
29.41 257.8747
29.42 257.8747
29.43 257.8747
29.44 258.8073
29.45 259.7434
29.46 259.7434
29.47 259.7434
29.48 260.6828
29.49 260.6828
29.50 260.6828
29.51 0.0000
29.52 0.0000
29.53 0.0000
29.54 0.0000
29.55 0.0000
29.56 0.0000
29.57 0.0000
29.58 0.0000
29.59 0.0000
29.60 0.0000
29.61 0.0000
29.62 0.0000
29.63 0.0000
29.64 0.0000
29.65 0.0000
29.66 0.0000
29.67 0.0000
29.68 0.0000
29.69 0.0000
29.70 0.0000
29.71 0.0000
29.72 0.0000
29.73 0.0000
29.74 0.0000
29.75 0.0000
29.76 0.0000
29.77 0.0000
29.78 0.0000
29.79 0.0000
29.80 0.0000
29.81 0.0000
29.82 0.0000
29.83 0.0000
29.84 0.0000
29.85 0.0000
29.86 0.0000
29.87 0.0000
29.88 0.0000
29.89 0.0000
29.90 0.0000
29.91 0.0000
29.92 0.0000
29.93 215.2859
29.94 215.2859
29.95 216.0645
29.96 216.0645
29.97 216.0645
29.98 216.8459
29.99 218.4173
30.00 220.0000
30.01 220.7957
30.02 220.7957
30.03 220.7957
30.04 220.7957
30.05 220.7957
30.06 220.7957
30.07 234.7709
30.08 234.7709
30.09 234.7709
30.10 234.7709
30.11 233.9249
30.12 233.9249
30.13 233.0819
30.14 233.0819
30.15 233.0819
30.16 233.9249
30.17 233.9249
30.18 233.9249
30.19 233.9249
30.20 234.7709
30.21 234.7709
30.22 234.7709
30.23 234.7709
30.24 234.7709
30.25 234.7709
30.26 234.7709
30.27 224.8174
30.28 224.8174
30.29 224.8174
30.30 224.8174
30.31 225.6305
30.32 225.6305
30.33 233.0819
30.34 239.9117
30.35 240.7794
30.36 240.7794
30.37 240.7794
30.38 240.7794
30.39 239.9117
30.40 233.9249
30.41 233.0819
30.42 218.4173
30.43 211.4347
30.44 208.4034
30.45 208.4034
30.46 208.4034
30.47 209.1571
30.48 217.6302
30.49 217.6302
30.50 217.6302
30.51 219.2072
30.52 221.5942
30.53 249.6307
30.54 249.6307
30.55 249.6307
30.56 248.7311
30.57 0.0000
30.58 0.0000
30.59 0.0000
30.60 0.0000
30.61 0.0000
30.62 0.0000
30.63 0.0000
30.64 0.0000
30.65 0.0000
30.66 0.0000
30.67 0.0000
30.68 0.0000
30.69 0.0000
30.70 0.0000
30.71 0.0000
30.72 0.0000
30.73 0.0000
30.74 0.0000
30.75 0.0000
30.76 198.1320
30.77 198.1320
30.78 198.1320
30.79 196.7066
30.80 195.9977
30.81 195.2914
30.82 194.5877
30.83 193.8864
30.84 193.1877
30.85 193.1877
30.86 193.1877
30.87 193.1877
30.88 193.1877
30.89 194.5877
30.90 195.2914
30.91 199.5677
30.92 201.7409
30.93 203.9377
30.94 203.9377
30.95 203.9377
30.96 202.4705
30.97 201.0139
30.98 201.0139
30.99 200.2895
31.00 193.8864
31.01 192.4916
31.02 184.3305
31.03 184.3305
31.04 184.3305
31.05 184.3305
31.06 184.3305
31.07 0.0000
31.08 0.0000
31.09 0.0000
31.10 0.0000
31.11 233.0819
31.12 233.0819
31.13 233.0819
31.14 0.0000
31.15 0.0000
31.16 0.0000
31.17 0.0000
31.18 0.0000
31.19 0.0000
31.20 0.0000
31.21 0.0000
31.22 0.0000
31.23 0.0000
31.24 0.0000
31.25 0.0000
31.26 0.0000
31.27 0.0000
31.28 0.0000
31.29 0.0000
31.30 0.0000
31.31 0.0000
31.32 0.0000
31.33 0.0000
31.34 0.0000
31.35 0.0000
31.36 0.0000
31.37 0.0000
31.38 0.0000
31.39 0.0000
31.40 0.0000
31.41 0.0000
31.42 0.0000
31.43 0.0000
31.44 0.0000
31.45 0.0000
31.46 0.0000
31.47 0.0000
31.48 0.0000
31.49 0.0000
31.50 0.0000
31.51 0.0000
31.52 0.0000
31.53 0.0000
31.54 0.0000
31.55 0.0000
31.56 0.0000
31.57 0.0000
31.58 0.0000
31.59 0.0000
31.60 0.0000
31.61 0.0000
31.62 0.0000
31.63 0.0000
31.64 0.0000
31.65 0.0000
31.66 0.0000
31.67 0.0000
31.68 200.2895
31.69 206.9040
31.70 207.6523
31.71 212.1993
31.72 216.8459
31.73 217.6302
31.74 219.2072
31.75 220.0000
31.76 220.7957
31.77 221.5942
31.78 223.2000
31.79 225.6305
31.80 228.9123
31.81 233.0819
31.82 237.3274
31.83 240.7794
31.84 246.0518
31.85 249.6307
31.86 251.4396
31.87 252.3490
31.88 252.3490
31.89 252.3490
31.90 252.3490
31.91 252.3490
31.92 253.2616
31.93 254.1776
31.94 256.9454
31.95 259.7434
31.96 266.3910
31.97 275.1885
31.98 278.1851
31.99 278.1851
32.00 278.1851
32.01 277.1826
32.02 273.2087
32.03 271.2432
32.04 261.6256
32.05 261.6256
32.06 261.6256
32.07 261.6256
32.08 265.4310
32.09 266.3910
32.10 272.2242
32.11 275.1885
32.12 277.1826
32.13 277.1826
32.14 277.1826
32.15 273.2087
32.16 272.2242
32.17 270.2657
32.18 265.4310
32.19 263.5214
32.20 263.5214
32.21 262.5718
32.22 262.5718
32.23 262.5718
32.24 261.6256
32.25 260.6828
32.26 255.0969
32.27 248.7311
32.28 241.6502
32.29 235.6200
32.30 234.7709
32.31 234.7709
32.32 234.7709
32.33 234.7709
32.34 234.7709
32.35 233.9249
32.36 233.0819
32.37 232.2419
32.38 227.2655
32.39 221.5942
32.40 218.4173
32.41 216.0645
32.42 215.2859
32.43 215.2859
32.44 214.5100
32.45 214.5100
32.46 213.7370
32.47 213.7370
32.48 212.1993
32.49 211.4347
32.50 209.1571
32.51 207.6523
32.52 194.5877
32.53 193.8864
32.54 193.8864
32.55 193.8864
32.56 194.5877
32.57 194.5877
32.58 194.5877
32.59 194.5877
32.60 194.5877
32.61 192.4916
32.62 184.9972
32.63 184.3305
32.64 177.1539
32.65 175.2456
32.66 175.2456
32.67 175.2456
32.68 175.2456
32.69 175.2456
32.70 175.8794
32.71 175.8794
32.72 175.8794
32.73 175.8794
32.74 175.8794
32.75 175.8794
32.76 175.2456
32.77 172.1107
32.78 172.1107
32.79 172.1107
32.80 174.6141
32.81 175.8794
32.82 179.7307
32.83 183.6663
32.84 184.9972
32.85 186.3378
32.86 191.7979
32.87 192.4916
32.88 192.4916
32.89 192.4916
32.90 192.4916
32.91 193.1877
32.92 193.8864
32.93 194.5877
32.94 195.9977
32.95 196.7066
32.96 200.2895
32.97 201.7409
32.98 206.1584
32.99 206.1584
33.00 206.9040
33.01 206.9040
33.02 206.9040
33.03 206.1584
33.04 201.0139
33.05 200.2895
33.06 193.8864
33.07 191.7979
33.08 191.7979
33.09 191.7979
33.10 194.5877
33.11 194.5877
33.12 194.5877
33.13 0.0000
33.14 0.0000
33.15 0.0000
33.16 0.0000
33.17 0.0000
33.18 0.0000
33.19 0.0000
33.20 0.0000
33.21 0.0000
33.22 0.0000
33.23 0.0000
33.24 0.0000
33.25 0.0000
33.26 0.0000
33.27 0.0000
33.28 0.0000
33.29 0.0000
33.30 0.0000
33.31 0.0000
33.32 0.0000
33.33 0.0000
33.34 0.0000
33.35 0.0000
33.36 0.0000
33.37 0.0000
33.38 0.0000
33.39 0.0000
33.40 0.0000
33.41 0.0000
33.42 0.0000
33.43 0.0000
33.44 0.0000
33.45 0.0000
33.46 0.0000
33.47 0.0000
33.48 0.0000
33.49 0.0000
33.50 0.0000
33.51 0.0000
33.52 0.0000
33.53 0.0000
33.54 0.0000
33.55 0.0000
33.56 0.0000
33.57 0.0000
33.58 0.0000
33.59 0.0000
33.60 0.0000
33.61 0.0000
33.62 0.0000
33.63 0.0000
33.64 0.0000
33.65 0.0000
33.66 0.0000
33.67 0.0000
33.68 0.0000
33.69 0.0000
33.70 0.0000
33.71 0.0000
33.72 0.0000
33.73 0.0000
33.74 0.0000
33.75 0.0000
33.76 0.0000
33.77 0.0000
33.78 0.0000
