0.00 0.0000
0.01 0.0000
0.02 0.0000
0.03 0.0000
0.04 0.0000
0.05 0.0000
0.06 0.0000
0.07 0.0000
0.08 0.0000
0.09 0.0000
0.10 0.0000
0.11 0.0000
0.12 0.0000
0.13 0.0000
0.14 0.0000
0.15 0.0000
0.16 0.0000
0.17 0.0000
0.18 0.0000
0.19 0.0000
0.20 0.0000
0.21 0.0000
0.22 0.0000
0.23 155.0029
0.24 155.0029
0.25 171.4905
0.26 171.4905
0.27 171.4905
0.28 177.7946
0.29 182.3449
0.30 182.3449
0.31 184.3305
0.32 184.3305
0.33 184.3305
0.34 184.9972
0.35 185.6663
0.36 186.3378
0.37 186.3378
0.38 187.0117
0.39 187.6881
0.40 188.3669
0.41 188.3669
0.42 189.7318
0.43 191.1067
0.44 192.4916
0.45 195.2914
0.46 200.2895
0.47 201.0139
0.48 206.9040
0.49 218.4173
0.50 221.5942
0.51 223.2000
0.52 223.2000
0.53 223.2000
0.54 223.2000
0.55 223.2000
0.56 223.2000
0.57 223.2000
0.58 224.8174
0.59 225.6305
0.60 225.6305
0.61 225.6305
0.62 225.6305
0.63 225.6305
0.64 224.8174
0.65 220.7957
0.66 218.4173
0.67 218.4173
0.68 218.4173
0.69 219.2072
0.70 219.2072
0.71 220.0000
0.72 220.7957
0.73 221.5942
0.74 221.5942
0.75 221.5942
0.76 221.5942
0.77 221.5942
0.78 221.5942
0.79 220.7957
0.80 218.4173
0.81 218.4173
0.82 218.4173
0.83 217.6302
0.84 217.6302
0.85 217.6302
0.86 216.8459
0.87 211.4347
0.88 208.4034
0.89 201.0139
0.90 201.0139
0.91 200.2895
0.92 200.2895
0.93 200.2895
0.94 201.0139
0.95 201.7409
0.96 206.9040
0.97 207.6523
0.98 212.1993
0.99 212.9668
1.00 213.7370
1.01 214.5100
1.02 215.2859
1.03 215.2859
1.04 215.2859
1.05 216.0645
1.06 216.8459
1.07 218.4173
1.08 220.0000
1.09 221.5942
1.10 221.5942
1.11 222.3956
1.12 224.0072
1.13 224.0072
1.14 224.0072
1.15 224.0072
1.16 221.5942
1.17 218.4173
1.18 211.4347
1.19 211.4347
1.20 201.0139
1.21 200.2895
1.22 200.2895
1.23 200.2895
1.24 200.2895
1.25 200.2895
1.26 199.5677
1.27 199.5677
1.28 199.5677
1.29 198.8486
1.30 198.8486
1.31 198.1320
1.32 197.4180
1.33 196.7066
1.34 195.9977
1.35 195.2914
1.36 195.2914
1.37 195.2914
1.38 195.2914
1.39 195.2914
1.40 195.9977
1.41 195.9977
1.42 196.7066
1.43 198.1320
1.44 198.8486
1.45 198.8486
1.46 199.5677
1.47 199.5677
1.48 199.5677
1.49 199.5677
1.50 199.5677
1.51 199.5677
1.52 198.8486
1.53 198.8486
1.54 198.8486
1.55 198.8486
1.56 198.8486
1.57 198.8486
1.58 198.8486
1.59 198.8486
1.60 199.5677
1.61 200.2895
1.62 200.2895
1.63 200.2895
1.64 201.0139
1.65 201.0139
1.66 201.0139
1.67 200.2895
1.68 200.2895
1.69 200.2895
1.70 200.2895
1.71 200.2895
1.72 200.2895
1.73 200.2895
1.74 200.2895
1.75 200.2895
1.76 201.0139
1.77 201.0139
1.78 201.0139
1.79 201.0139
1.80 201.0139
1.81 200.2895
1.82 200.2895
1.83 200.2895
1.84 200.2895
1.85 200.2895
1.86 200.2895
1.87 200.2895
1.88 199.5677
1.89 199.5677
1.90 199.5677
1.91 199.5677
1.92 199.5677
1.93 199.5677
1.94 198.8486
1.95 198.8486
1.96 198.1320
1.97 197.4180
1.98 195.9977
1.99 194.5877
2.00 193.1877
2.01 191.7979
2.02 184.3305
2.03 0.0000
2.04 0.0000
2.05 0.0000
2.06 0.0000
2.07 0.0000
2.08 0.0000
2.09 184.3305
2.10 185.6663
2.11 187.0117
2.12 187.0117
2.13 187.0117
2.14 185.6663
2.15 185.6663
2.16 185.6663
2.17 186.3378
2.18 186.3378
2.19 187.0117
2.20 188.3669
2.21 188.3669
2.22 189.7318
2.23 189.7318
2.24 189.7318
2.25 189.7318
2.26 189.7318
2.27 189.7318
2.28 189.0481
2.29 189.0481
2.30 189.0481
2.31 189.7318
2.32 189.7318
2.33 191.7979
2.34 194.5877
2.35 196.7066
2.36 198.8486
2.37 199.5677
2.38 199.5677
2.39 199.5677
2.40 199.5677
2.41 198.8486
2.42 198.8486
2.43 197.4180
2.44 196.7066
2.45 196.7066
2.46 196.7066
2.47 197.4180
2.48 198.1320
2.49 198.8486
2.50 198.8486
2.51 198.8486
2.52 198.8486
2.53 195.2914
2.54 193.8864
2.55 193.8864
2.56 193.8864
2.57 0.0000
2.58 0.0000
2.59 0.0000
2.60 169.0319
2.61 169.0319
2.62 169.0319
2.63 168.4227
2.64 166.6085
2.65 166.0081
2.66 166.0081
2.67 166.0081
2.68 166.0081
2.69 166.6085
2.70 169.0319
2.71 171.4905
2.72 177.7946
2.73 183.6663
2.74 185.6663
2.75 188.3669
2.76 189.0481
2.77 189.0481
2.78 189.0481
2.79 189.0481
2.80 188.3669
2.81 188.3669
2.82 188.3669
2.83 188.3669
2.84 188.3669
2.85 187.6881
2.86 187.6881
2.87 184.9972
2.88 0.0000
2.89 0.0000
2.90 0.0000
2.91 0.0000
2.92 0.0000
2.93 0.0000
2.94 0.0000
2.95 0.0000
2.96 0.0000
2.97 0.0000
2.98 0.0000
2.99 0.0000
3.00 0.0000
3.01 0.0000
3.02 0.0000
3.03 0.0000
3.04 0.0000
3.05 0.0000
3.06 0.0000
3.07 0.0000
3.08 0.0000
3.09 0.0000
3.10 182.3449
3.11 182.3449
3.12 182.3449
3.13 179.7307
3.14 177.7946
3.15 175.8794
3.16 175.2456
3.17 172.1107
3.18 171.4905
3.19 170.8725
3.20 169.6432
3.21 169.0319
3.22 166.6085
3.23 166.6085
3.24 166.6085
3.25 166.6085
3.26 147.8964
3.27 147.8964
3.28 147.8964
3.29 147.8964
3.30 147.8964
3.31 151.1349
3.32 151.6815
3.33 151.6815
3.34 151.6815
3.35 151.6815
3.36 151.1349
3.37 151.1349
3.38 150.5903
3.39 150.5903
3.40 150.5903
3.41 150.5903
3.42 150.0476
3.43 150.0476
3.44 150.0476
3.45 150.0476
3.46 149.5069
3.47 149.5069
3.48 147.8964
3.49 147.8964
3.50 147.8964
3.51 147.8964
3.52 147.8964
3.53 147.8964
3.54 151.6815
3.55 155.0029
3.56 155.0029
3.57 155.0029
3.58 155.0029
3.59 155.0029
3.60 155.0029
3.61 154.4443
3.62 154.4443
3.63 147.3634
3.64 147.3634
3.65 147.3634
3.66 147.3634
3.67 147.3634
3.68 147.3634
3.69 147.3634
3.70 147.3634
3.71 147.3634
3.72 0.0000
3.73 0.0000
3.74 0.0000
3.75 0.0000
3.76 0.0000
3.77 0.0000
3.78 0.0000
3.79 0.0000
3.80 0.0000
3.81 0.0000
3.82 0.0000
3.83 0.0000
3.84 0.0000
3.85 0.0000
3.86 0.0000
3.87 0.0000
3.88 0.0000
3.89 0.0000
3.90 0.0000
3.91 0.0000
3.92 0.0000
3.93 0.0000
3.94 0.0000
3.95 0.0000
3.96 0.0000
3.97 0.0000
3.98 0.0000
3.99 0.0000
4.00 0.0000
4.01 0.0000
4.02 0.0000
4.03 0.0000
4.04 0.0000
4.05 0.0000
4.06 0.0000
4.07 0.0000
4.08 0.0000
4.09 0.0000
4.10 0.0000
4.11 0.0000
4.12 0.0000
4.13 0.0000
4.14 0.0000
4.15 0.0000
4.16 0.0000
4.17 0.0000
4.18 0.0000
4.19 0.0000
4.20 0.0000
4.21 0.0000
4.22 0.0000
4.23 0.0000
4.24 0.0000
4.25 0.0000
4.26 0.0000
4.27 0.0000
4.28 0.0000
4.29 0.0000
4.30 0.0000
4.31 0.0000
4.32 0.0000
4.33 0.0000
4.34 0.0000
4.35 0.0000
4.36 0.0000
4.37 0.0000
4.38 0.0000
4.39 0.0000
4.40 0.0000
4.41 0.0000
4.42 0.0000
4.43 0.0000
4.44 0.0000
4.45 0.0000
4.46 0.0000
4.47 0.0000
4.48 0.0000
4.49 0.0000
4.50 0.0000
4.51 0.0000
4.52 0.0000
4.53 0.0000
4.54 0.0000
4.55 0.0000
4.56 0.0000
4.57 0.0000
4.58 0.0000
4.59 0.0000
4.60 0.0000
4.61 0.0000
4.62 0.0000
4.63 0.0000
4.64 0.0000
4.65 0.0000
4.66 0.0000
4.67 0.0000
4.68 0.0000
4.69 0.0000
4.70 0.0000
4.71 0.0000
4.72 0.0000
4.73 0.0000
4.74 0.0000
4.75 0.0000
4.76 0.0000
4.77 0.0000
4.78 0.0000
4.79 0.0000
4.80 0.0000
4.81 0.0000
4.82 0.0000
4.83 0.0000
4.84 0.0000
4.85 0.0000
4.86 0.0000
4.87 0.0000
4.88 0.0000
4.89 0.0000
4.90 0.0000
4.91 0.0000
4.92 0.0000
4.93 0.0000
4.94 0.0000
4.95 0.0000
4.96 0.0000
4.97 0.0000
4.98 0.0000
4.99 0.0000
5.00 0.0000
5.01 0.0000
5.02 0.0000
5.03 0.0000
5.04 0.0000
5.05 0.0000
5.06 0.0000
5.07 0.0000
5.08 0.0000
5.09 0.0000
5.10 0.0000
5.11 0.0000
5.12 0.0000
5.13 0.0000
5.14 0.0000
5.15 0.0000
5.16 0.0000
5.17 0.0000
5.18 0.0000
5.19 0.0000
5.20 0.0000
5.21 0.0000
5.22 0.0000
5.23 0.0000
5.24 0.0000
5.25 0.0000
5.26 0.0000
5.27 0.0000
5.28 0.0000
5.29 0.0000
5.30 0.0000
5.31 0.0000
5.32 0.0000
5.33 0.0000
5.34 0.0000
5.35 0.0000
5.36 0.0000
5.37 0.0000
5.38 0.0000
5.39 0.0000
5.40 0.0000
5.41 0.0000
5.42 0.0000
5.43 0.0000
5.44 0.0000
5.45 0.0000
5.46 0.0000
5.47 0.0000
5.48 0.0000
5.49 0.0000
5.50 0.0000
5.51 0.0000
5.52 0.0000
5.53 0.0000
5.54 0.0000
5.55 0.0000
5.56 0.0000
5.57 0.0000
5.58 0.0000
5.59 0.0000
5.60 0.0000
5.61 0.0000
5.62 0.0000
5.63 0.0000
5.64 0.0000
5.65 0.0000
5.66 0.0000
5.67 0.0000
5.68 0.0000
5.69 0.0000
5.70 0.0000
5.71 0.0000
5.72 0.0000
5.73 0.0000
5.74 0.0000
5.75 0.0000
5.76 0.0000
5.77 0.0000
5.78 0.0000
5.79 0.0000
5.80 0.0000
5.81 0.0000
5.82 0.0000
5.83 0.0000
5.84 0.0000
5.85 0.0000
5.86 0.0000
5.87 0.0000
5.88 0.0000
5.89 0.0000
5.90 0.0000
5.91 0.0000
5.92 0.0000
5.93 0.0000
5.94 0.0000
5.95 0.0000
5.96 0.0000
5.97 137.0984
5.98 137.0984
5.99 137.0984
6.00 137.0984
6.01 137.0984
6.02 137.0984
6.03 139.0926
6.04 142.1383
6.05 142.1383
6.06 142.1383
6.07 142.1383
6.08 142.1383
6.09 155.0029
6.10 171.4905
6.11 182.3449
6.12 184.3305
6.13 184.9972
6.14 189.0481
6.15 189.7318
6.16 190.4180
6.17 191.1067
6.18 191.7979
6.19 191.7979
6.20 193.1877
6.21 193.1877
6.22 193.8864
6.23 194.5877
6.24 195.2914
6.25 195.2914
6.26 196.7066
6.27 198.8486
6.28 199.5677
6.29 200.2895
6.30 201.0139
6.31 218.4173
6.32 218.4173
6.33 220.7957
6.34 221.5942
6.35 221.5942
6.36 221.5942
6.37 221.5942
6.38 221.5942
6.39 221.5942
6.40 221.5942
6.41 221.5942
6.42 221.5942
6.43 221.5942
6.44 221.5942
6.45 222.3956
6.46 222.3956
6.47 222.3956
6.48 221.5942
6.49 221.5942
6.50 220.7957
6.51 220.0000
6.52 219.2072
6.53 219.2072
6.54 219.2072
6.55 219.2072
6.56 220.0000
6.57 220.0000
6.58 220.0000
6.59 220.0000
6.60 220.0000
6.61 220.0000
6.62 220.0000
6.63 220.0000
6.64 220.0000
6.65 220.0000
6.66 220.0000
6.67 220.0000
6.68 219.2072
6.69 219.2072
6.70 218.4173
6.71 217.6302
6.72 216.8459
6.73 211.4347
6.74 206.1584
6.75 201.0139
6.76 201.0139
6.77 201.0139
6.78 201.0139
6.79 201.0139
6.80 201.0139
6.81 207.6523
6.82 218.4173
6.83 220.7957
6.84 222.3956
6.85 224.8174
6.86 224.8174
6.87 224.8174
6.88 224.8174
6.89 224.8174
6.90 224.0072
6.91 224.0072
6.92 223.2000
6.93 223.2000
6.94 222.3956
6.95 221.5942
6.96 220.0000
6.97 217.6302
6.98 211.4347
6.99 208.4034
7.00 201.0139
7.01 200.2895
7.02 198.8486
7.03 198.8486
7.04 198.8486
7.05 199.5677
7.06 199.5677
7.07 200.2895
7.08 200.2895
7.09 200.2895
7.10 200.2895
7.11 200.2895
7.12 200.2895
7.13 200.2895
7.14 200.2895
7.15 200.2895
7.16 200.2895
7.17 200.2895
7.18 200.2895
7.19 200.2895
7.20 200.2895
7.21 200.2895
7.22 200.2895
7.23 200.2895
7.24 200.2895
7.25 200.2895
7.26 200.2895
7.27 200.2895
7.28 200.2895
7.29 200.2895
7.30 199.5677
7.31 199.5677
7.32 198.8486
7.33 197.4180
7.34 196.7066
7.35 195.9977
7.36 195.9977
7.37 195.9977
7.38 195.9977
7.39 195.9977
7.40 195.9977
7.41 195.9977
7.42 195.9977
7.43 195.9977
7.44 197.4180
7.45 198.8486
7.46 199.5677
7.47 200.2895
7.48 200.2895
7.49 200.2895
7.50 200.2895
7.51 200.2895
7.52 200.2895
7.53 195.9977
7.54 194.5877
7.55 194.5877
7.56 194.5877
7.57 200.2895
7.58 201.0139
7.59 201.7409
7.60 201.7409
7.61 201.7409
7.62 201.0139
7.63 200.2895
7.64 200.2895
7.65 200.2895
7.66 200.2895
7.67 200.2895
7.68 200.2895
7.69 200.2895
7.70 200.2895
7.71 199.5677
7.72 198.8486
7.73 198.1320
7.74 198.1320
7.75 198.1320
7.76 198.1320
7.77 198.1320
7.78 198.1320
7.79 198.1320
7.80 198.1320
7.81 197.4180
7.82 196.7066
7.83 195.9977
7.84 195.2914
7.85 194.5877
7.86 194.5877
7.87 193.8864
7.88 0.0000
7.89 0.0000
7.90 0.0000
7.91 0.0000
7.92 0.0000
7.93 0.0000
7.94 0.0000
7.95 0.0000
7.96 0.0000
7.97 0.0000
7.98 0.0000
7.99 189.7318
8.00 189.7318
8.01 189.7318
8.02 189.0481
8.03 189.0481
8.04 188.3669
8.05 187.0117
8.06 0.0000
8.07 0.0000
8.08 0.0000
8.09 0.0000
8.10 0.0000
8.11 0.0000
8.12 0.0000
8.13 0.0000
8.14 0.0000
8.15 0.0000
8.16 186.3378
8.17 186.3378
8.18 193.1877
8.19 195.9977
8.20 195.9977
8.21 195.9977
8.22 195.9977
8.23 195.2914
8.24 194.5877
8.25 194.5877
8.26 194.5877
8.27 193.8864
8.28 193.8864
8.29 193.8864
8.30 193.8864
8.31 193.8864
8.32 194.5877
8.33 194.5877
8.34 195.2914
8.35 196.7066
8.36 198.1320
8.37 198.1320
8.38 198.1320
8.39 198.1320
8.40 197.4180
8.41 195.9977
8.42 195.2914
8.43 193.8864
8.44 191.7979
8.45 184.3305
8.46 182.3449
8.47 177.7946
8.48 175.2456
8.49 171.4905
8.50 168.4227
8.51 166.6085
8.52 166.6085
8.53 166.6085
8.54 166.6085
8.55 168.4227
8.56 169.0319
8.57 171.4905
8.58 171.4905
8.59 177.7946
8.60 184.3305
8.61 185.6663
8.62 192.4916
8.63 192.4916
8.64 192.4916
8.65 192.4916
8.66 191.7979
8.67 191.1067
8.68 188.3669
8.69 188.3669
8.70 188.3669
8.71 188.3669
8.72 188.3669
8.73 188.3669
8.74 188.3669
8.75 188.3669
8.76 188.3669
8.77 188.3669
8.78 188.3669
8.79 187.6881
8.80 187.6881
8.81 187.6881
8.82 187.6881
8.83 187.0117
8.84 187.0117
8.85 187.0117
8.86 187.0117
8.87 187.0117
8.88 187.0117
8.89 187.0117
8.90 187.0117
8.91 184.3305
8.92 183.6663
8.93 182.3449
8.94 0.0000
8.95 0.0000
8.96 0.0000
8.97 0.0000
8.98 0.0000
8.99 0.0000
9.00 0.0000
9.01 0.0000
9.02 0.0000
9.03 0.0000
9.04 0.0000
9.05 0.0000
9.06 0.0000
9.07 0.0000
9.08 0.0000
9.09 0.0000
9.10 0.0000
9.11 0.0000
9.12 0.0000
9.13 0.0000
9.14 165.4099
9.15 165.4099
9.16 165.4099
9.17 164.8138
9.18 164.8138
9.19 160.1219
9.20 157.8262
9.21 155.0029
9.22 155.0029
9.23 147.3634
9.24 147.3634
9.25 147.3634
9.26 147.3634
9.27 147.3634
9.28 147.3634
9.29 147.3634
9.30 146.8324
9.31 146.8324
9.32 146.3033
9.33 146.3033
9.34 146.3033
9.35 146.3033
9.36 146.3033
9.37 146.3033
9.38 146.3033
9.39 146.8324
9.40 146.8324
9.41 146.8324
9.42 146.8324
9.43 147.3634
9.44 147.3634
9.45 147.3634
9.46 147.3634
9.47 147.3634
9.48 146.8324
9.49 0.0000
9.50 0.0000
9.51 0.0000
9.52 0.0000
9.53 0.0000
9.54 0.0000
9.55 0.0000
9.56 0.0000
9.57 0.0000
9.58 0.0000
9.59 0.0000
9.60 0.0000
9.61 0.0000
9.62 0.0000
9.63 0.0000
9.64 0.0000
9.65 0.0000
9.66 0.0000
9.67 0.0000
9.68 0.0000
9.69 0.0000
9.70 0.0000
9.71 0.0000
9.72 0.0000
9.73 0.0000
9.74 0.0000
9.75 0.0000
9.76 0.0000
9.77 0.0000
9.78 0.0000
9.79 0.0000
9.80 0.0000
9.81 0.0000
9.82 0.0000
9.83 0.0000
9.84 0.0000
9.85 0.0000
9.86 0.0000
9.87 0.0000
9.88 0.0000
9.89 0.0000
9.90 0.0000
9.91 0.0000
9.92 0.0000
9.93 0.0000
9.94 0.0000
9.95 0.0000
9.96 0.0000
9.97 0.0000
9.98 0.0000
9.99 0.0000
10.00 0.0000
10.01 0.0000
10.02 0.0000
10.03 0.0000
10.04 0.0000
10.05 0.0000
10.06 0.0000
10.07 0.0000
10.08 0.0000
10.09 0.0000
10.10 0.0000
10.11 0.0000
10.12 0.0000
10.13 0.0000
10.14 0.0000
10.15 0.0000
10.16 0.0000
10.17 0.0000
10.18 0.0000
10.19 0.0000
10.20 0.0000
10.21 0.0000
10.22 0.0000
10.23 0.0000
10.24 0.0000
10.25 0.0000
10.26 0.0000
10.27 0.0000
10.28 0.0000
10.29 0.0000
10.30 0.0000
10.31 0.0000
10.32 0.0000
10.33 0.0000
10.34 0.0000
10.35 0.0000
10.36 0.0000
10.37 0.0000
10.38 0.0000
10.39 0.0000
10.40 0.0000
10.41 0.0000
10.42 0.0000
10.43 0.0000
10.44 0.0000
10.45 0.0000
10.46 0.0000
10.47 0.0000
10.48 0.0000
10.49 0.0000
10.50 0.0000
10.51 0.0000
10.52 0.0000
10.53 0.0000
10.54 0.0000
10.55 0.0000
10.56 0.0000
10.57 0.0000
10.58 0.0000
10.59 0.0000
10.60 0.0000
10.61 0.0000
10.62 0.0000
10.63 0.0000
10.64 0.0000
10.65 0.0000
10.66 0.0000
10.67 0.0000
10.68 0.0000
10.69 0.0000
10.70 0.0000
10.71 0.0000
10.72 0.0000
10.73 0.0000
10.74 0.0000
10.75 0.0000
10.76 0.0000
10.77 0.0000
10.78 0.0000
10.79 0.0000
10.80 0.0000
10.81 0.0000
10.82 0.0000
10.83 0.0000
10.84 0.0000
10.85 0.0000
10.86 0.0000
10.87 0.0000
10.88 0.0000
10.89 0.0000
10.90 0.0000
10.91 0.0000
10.92 0.0000
10.93 0.0000
10.94 0.0000
10.95 0.0000
10.96 0.0000
10.97 0.0000
10.98 0.0000
10.99 0.0000
11.00 0.0000
11.01 0.0000
11.02 0.0000
11.03 0.0000
11.04 0.0000
11.05 0.0000
11.06 0.0000
11.07 0.0000
11.08 0.0000
11.09 0.0000
11.10 0.0000
11.11 0.0000
11.12 0.0000
11.13 0.0000
11.14 0.0000
11.15 0.0000
11.16 0.0000
11.17 0.0000
11.18 0.0000
11.19 0.0000
11.20 0.0000
11.21 0.0000
11.22 0.0000
11.23 0.0000
11.24 0.0000
11.25 0.0000
11.26 0.0000
11.27 0.0000
11.28 0.0000
11.29 0.0000
11.30 0.0000
11.31 0.0000
11.32 0.0000
11.33 0.0000
11.34 0.0000
11.35 0.0000
11.36 0.0000
11.37 0.0000
11.38 0.0000
11.39 0.0000
11.40 0.0000
11.41 0.0000
11.42 0.0000
11.43 0.0000
11.44 0.0000
11.45 0.0000
11.46 0.0000
11.47 0.0000
11.48 0.0000
11.49 0.0000
11.50 0.0000
11.51 0.0000
11.52 0.0000
11.53 0.0000
11.54 0.0000
11.55 0.0000
11.56 0.0000
11.57 0.0000
11.58 0.0000
11.59 0.0000
11.60 0.0000
11.61 0.0000
11.62 0.0000
11.63 0.0000
11.64 0.0000
11.65 0.0000
11.66 0.0000
11.67 0.0000
11.68 0.0000
11.69 0.0000
11.70 0.0000
11.71 0.0000
11.72 0.0000
11.73 0.0000
11.74 0.0000
11.75 0.0000
11.76 0.0000
11.77 0.0000
11.78 0.0000
11.79 0.0000
11.80 0.0000
11.81 0.0000
11.82 0.0000
11.83 0.0000
11.84 0.0000
11.85 0.0000
11.86 0.0000
11.87 0.0000
11.88 0.0000
11.89 0.0000
11.90 0.0000
11.91 0.0000
11.92 0.0000
11.93 0.0000
11.94 0.0000
11.95 0.0000
11.96 0.0000
11.97 0.0000
11.98 207.6523
11.99 207.6523
12.00 211.4347
12.01 217.6302
12.02 220.7957
12.03 222.3956
12.04 225.6305
12.05 226.4465
12.06 228.0874
12.07 228.9123
12.08 228.9123
12.09 228.9123
12.10 228.9123
12.11 228.9123
12.12 228.9123
12.13 225.6305
12.14 218.4173
12.15 217.6302
12.16 211.4347
12.17 211.4347
12.18 211.4347
12.19 218.4173
12.20 221.5942
12.21 222.3956
12.22 222.3956
12.23 222.3956
12.24 222.3956
12.25 222.3956
12.26 223.2000
12.27 223.2000
12.28 223.2000
12.29 223.2000
12.30 222.3956
12.31 222.3956
12.32 220.7957
12.33 220.7957
12.34 220.7957
12.35 220.7957
12.36 220.7957
12.37 220.7957
12.38 220.7957
12.39 220.7957
12.40 0.0000
12.41 0.0000
12.42 0.0000
12.43 0.0000
12.44 0.0000
12.45 0.0000
12.46 0.0000
12.47 0.0000
12.48 0.0000
12.49 0.0000
12.50 0.0000
12.51 0.0000
12.52 0.0000
12.53 0.0000
12.54 0.0000
12.55 0.0000
12.56 221.5942
12.57 221.5942
12.58 221.5942
12.59 221.5942
12.60 219.2072
12.61 218.4173
12.62 216.8459
12.63 211.4347
12.64 209.1571
12.65 209.1571
12.66 209.1571
12.67 209.9135
12.68 211.4347
12.69 216.0645
12.70 218.4173
12.71 224.8174
12.72 226.4465
12.73 226.4465
12.74 226.4465
12.75 226.4465
12.76 225.6305
12.77 225.6305
12.78 224.8174
12.79 224.0072
12.80 223.2000
12.81 222.3956
12.82 222.3956
12.83 222.3956
12.84 223.2000
12.85 223.2000
12.86 224.0072
12.87 224.8174
12.88 225.6305
12.89 225.6305
12.90 226.4465
12.91 226.4465
12.92 226.4465
12.93 226.4465
12.94 226.4465
12.95 226.4465
12.96 225.6305
12.97 225.6305
12.98 225.6305
12.99 224.8174
13.00 224.0072
13.01 222.3956
13.02 222.3956
13.03 222.3956
13.04 223.2000
13.05 224.8174
13.06 225.6305
13.07 225.6305
13.08 225.6305
13.09 233.0819
13.10 249.6307
13.11 259.7434
13.12 265.4310
13.13 265.4310
13.14 265.4310
13.15 265.4310
13.16 265.4310
13.17 262.5718
13.18 259.7434
13.19 255.0969
13.20 254.1776
13.21 252.3490
13.22 248.7311
13.23 248.7311
13.24 244.2816
13.25 240.7794
13.26 239.9117
13.27 233.0819
13.28 219.2072
13.29 217.6302
13.30 211.4347
13.31 208.4034
13.32 207.6523
13.33 201.0139
13.34 200.2895
13.35 189.7318
13.36 189.7318
13.37 188.3669
13.38 185.6663
13.39 184.3305
13.40 177.7946
13.41 177.1539
13.42 171.4905
13.43 171.4905
13.44 171.4905
13.45 171.4905
13.46 171.4905
13.47 172.1107
13.48 172.1107
13.49 172.1107
13.50 172.1107
13.51 172.1107
13.52 172.1107
13.53 172.1107
13.54 171.4905
13.55 171.4905
13.56 171.4905
13.57 171.4905
13.58 170.8725
13.59 170.2567
13.60 169.6432
13.61 169.6432
13.62 169.0319
13.63 169.0319
13.64 167.8158
13.65 167.8158
13.66 167.8158
13.67 167.8158
13.68 168.4227
13.69 169.0319
13.70 169.0319
13.71 169.0319
13.72 169.0319
13.73 168.4227
13.74 166.6085
13.75 166.0081
13.76 165.4099
13.77 160.1219
13.78 155.5635
13.79 0.0000
13.80 0.0000
13.81 0.0000
13.82 0.0000
13.83 0.0000
13.84 168.4227
13.85 168.4227
13.86 168.4227
13.87 166.6085
13.88 166.6085
13.89 166.6085
13.90 0.0000
13.91 0.0000
13.92 0.0000
13.93 0.0000
13.94 0.0000
13.95 0.0000
13.96 0.0000
13.97 0.0000
13.98 0.0000
13.99 0.0000
14.00 0.0000
14.01 0.0000
14.02 0.0000
14.03 0.0000
14.04 0.0000
14.05 0.0000
14.06 0.0000
14.07 0.0000
14.08 0.0000
14.09 0.0000
14.10 0.0000
14.11 191.1067
14.12 191.1067
14.13 191.1067
14.14 189.7318
14.15 189.0481
14.16 189.0481
14.17 188.3669
14.18 188.3669
14.19 187.6881
14.20 187.0117
14.21 187.0117
14.22 187.0117
14.23 187.0117
14.24 187.6881
14.25 187.6881
14.26 188.3669
14.27 189.0481
14.28 189.7318
14.29 190.4180
14.30 191.1067
14.31 191.1067
14.32 191.1067
14.33 190.4180
14.34 189.7318
14.35 189.7318
14.36 189.0481
14.37 189.0481
14.38 189.0481
14.39 189.0481
14.40 188.3669
14.41 188.3669
14.42 188.3669
14.43 189.0481
14.44 189.0481
14.45 189.0481
14.46 189.0481
14.47 189.0481
14.48 189.7318
14.49 189.7318
14.50 189.7318
14.51 189.0481
14.52 189.0481
14.53 188.3669
14.54 188.3669
14.55 188.3669
14.56 187.6881
14.57 187.6881
14.58 188.3669
14.59 188.3669
14.60 189.0481
14.61 189.7318
14.62 189.7318
14.63 189.7318
14.64 189.0481
14.65 189.0481
14.66 189.0481
14.67 188.3669
14.68 188.3669
14.69 188.3669
14.70 187.6881
14.71 187.0117
14.72 187.0117
14.73 186.3378
14.74 186.3378
14.75 185.6663
14.76 0.0000
14.77 0.0000
14.78 0.0000
14.79 0.0000
14.80 0.0000
14.81 0.0000
14.82 0.0000
14.83 0.0000
14.84 0.0000
14.85 0.0000
14.86 0.0000
14.87 0.0000
14.88 0.0000
14.89 0.0000
14.90 0.0000
14.91 0.0000
14.92 0.0000
14.93 0.0000
14.94 0.0000
14.95 0.0000
14.96 0.0000
14.97 0.0000
14.98 0.0000
14.99 0.0000
15.00 0.0000
15.01 0.0000
15.02 0.0000
15.03 0.0000
15.04 0.0000
15.05 0.0000
15.06 0.0000
15.07 0.0000
15.08 0.0000
15.09 0.0000
15.10 0.0000
15.11 0.0000
15.12 0.0000
15.13 0.0000
15.14 0.0000
15.15 0.0000
15.16 0.0000
15.17 0.0000
15.18 0.0000
15.19 0.0000
15.20 0.0000
15.21 0.0000
15.22 0.0000
15.23 0.0000
15.24 0.0000
15.25 0.0000
15.26 0.0000
15.27 0.0000
15.28 0.0000
15.29 0.0000
15.30 0.0000
15.31 0.0000
15.32 0.0000
15.33 0.0000
15.34 0.0000
15.35 0.0000
15.36 0.0000
15.37 0.0000
15.38 0.0000
15.39 0.0000
15.40 0.0000
15.41 0.0000
15.42 0.0000
15.43 0.0000
15.44 0.0000
15.45 0.0000
15.46 0.0000
15.47 0.0000
15.48 0.0000
15.49 0.0000
15.50 0.0000
15.51 0.0000
15.52 0.0000
15.53 0.0000
15.54 0.0000
15.55 0.0000
15.56 0.0000
15.57 0.0000
15.58 0.0000
15.59 0.0000
15.60 0.0000
15.61 0.0000
15.62 0.0000
15.63 0.0000
15.64 0.0000
15.65 0.0000
15.66 0.0000
15.67 0.0000
15.68 0.0000
15.69 0.0000
15.70 0.0000
15.71 0.0000
15.72 0.0000
15.73 0.0000
15.74 0.0000
15.75 0.0000
15.76 0.0000
15.77 0.0000
15.78 0.0000
15.79 0.0000
15.80 0.0000
15.81 0.0000
15.82 0.0000
15.83 0.0000
15.84 0.0000
15.85 0.0000
15.86 0.0000
15.87 0.0000
15.88 0.0000
15.89 0.0000
15.90 0.0000
15.91 0.0000
15.92 0.0000
15.93 0.0000
15.94 0.0000
15.95 0.0000
15.96 0.0000
15.97 0.0000
15.98 0.0000
15.99 0.0000
16.00 0.0000
16.01 0.0000
16.02 0.0000
16.03 0.0000
16.04 0.0000
16.05 0.0000
16.06 0.0000
16.07 0.0000
16.08 0.0000
16.09 0.0000
16.10 0.0000
16.11 0.0000
16.12 0.0000
16.13 0.0000
16.14 0.0000
16.15 0.0000
16.16 0.0000
16.17 0.0000
16.18 0.0000
16.19 0.0000
16.20 0.0000
16.21 0.0000
16.22 0.0000
16.23 0.0000
16.24 0.0000
16.25 0.0000
16.26 0.0000
16.27 0.0000
16.28 0.0000
16.29 0.0000
16.30 0.0000
16.31 0.0000
16.32 0.0000
16.33 0.0000
16.34 0.0000
16.35 0.0000
16.36 0.0000
16.37 0.0000
16.38 0.0000
16.39 0.0000
16.40 0.0000
16.41 0.0000
16.42 0.0000
16.43 0.0000
16.44 0.0000
16.45 0.0000
16.46 0.0000
16.47 0.0000
16.48 0.0000
16.49 0.0000
16.50 0.0000
16.51 0.0000
16.52 0.0000
16.53 0.0000
16.54 0.0000
16.55 0.0000
16.56 0.0000
16.57 0.0000
16.58 0.0000
16.59 0.0000
16.60 0.0000
16.61 0.0000
16.62 0.0000
16.63 0.0000
16.64 0.0000
16.65 0.0000
16.66 0.0000
16.67 0.0000
16.68 0.0000
16.69 0.0000
16.70 0.0000
16.71 0.0000
16.72 0.0000
16.73 0.0000
16.74 0.0000
16.75 0.0000
16.76 0.0000
16.77 0.0000
16.78 0.0000
16.79 0.0000
16.80 0.0000
16.81 0.0000
16.82 0.0000
16.83 0.0000
16.84 0.0000
16.85 0.0000
16.86 0.0000
16.87 0.0000
16.88 0.0000
16.89 0.0000
16.90 0.0000
16.91 0.0000
16.92 0.0000
16.93 0.0000
16.94 0.0000
16.95 0.0000
16.96 0.0000
16.97 0.0000
16.98 0.0000
16.99 0.0000
17.00 0.0000
17.01 0.0000
17.02 0.0000
17.03 0.0000
17.04 0.0000
17.05 0.0000
17.06 0.0000
17.07 0.0000
17.08 0.0000
17.09 0.0000
17.10 0.0000
17.11 0.0000
17.12 0.0000
17.13 0.0000
17.14 0.0000
17.15 0.0000
17.16 0.0000
17.17 0.0000
17.18 0.0000
17.19 0.0000
17.20 0.0000
17.21 0.0000
17.22 0.0000
17.23 0.0000
17.24 0.0000
17.25 0.0000
17.26 0.0000
17.27 0.0000
17.28 0.0000
17.29 0.0000
17.30 0.0000
17.31 0.0000
17.32 0.0000
17.33 0.0000
17.34 0.0000
17.35 0.0000
17.36 0.0000
17.37 0.0000
17.38 0.0000
17.39 0.0000
17.40 0.0000
17.41 0.0000
17.42 0.0000
17.43 0.0000
17.44 0.0000
17.45 0.0000
17.46 0.0000
17.47 0.0000
17.48 0.0000
17.49 0.0000
17.50 0.0000
17.51 0.0000
17.52 0.0000
17.53 0.0000
17.54 0.0000
17.55 0.0000
17.56 0.0000
17.57 0.0000
17.58 0.0000
17.59 0.0000
17.60 0.0000
17.61 0.0000
17.62 0.0000
17.63 0.0000
17.64 0.0000
17.65 0.0000
17.66 0.0000
17.67 0.0000
17.68 0.0000
17.69 0.0000
17.70 0.0000
17.71 0.0000
17.72 0.0000
17.73 0.0000
17.74 0.0000
17.75 0.0000
17.76 0.0000
17.77 0.0000
17.78 0.0000
17.79 0.0000
17.80 0.0000
17.81 0.0000
17.82 0.0000
17.83 0.0000
17.84 0.0000
17.85 208.4034
17.86 208.4034
17.87 218.4173
17.88 221.5942
17.89 222.3956
17.90 223.2000
17.91 223.2000
17.92 223.2000
17.93 223.2000
17.94 222.3956
17.95 220.7957
17.96 218.4173
17.97 218.4173
17.98 218.4173
17.99 218.4173
18.00 218.4173
18.01 218.4173
18.02 219.2072
18.03 222.3956
18.04 222.3956
18.05 225.6305
18.06 230.5711
18.07 230.5711
18.08 230.5711
18.09 229.7402
18.10 228.9123
18.11 226.4465
18.12 224.8174
18.13 224.0072
18.14 223.2000
18.15 223.2000
18.16 222.3956
18.17 222.3956
18.18 222.3956
18.19 221.5942
18.20 220.7957
18.21 220.0000
18.22 220.0000
18.23 220.0000
18.24 220.0000
18.25 220.7957
18.26 221.5942
18.27 224.8174
18.28 226.4465
18.29 231.4050
18.30 231.4050
18.31 233.0819
18.32 233.0819
18.33 233.0819
18.34 233.0819
18.35 233.0819
18.36 233.0819
18.37 232.2419
18.38 231.4050
18.39 226.4465
18.40 224.8174
18.41 224.8174
18.42 222.3956
18.43 219.2072
18.44 217.6302
18.45 216.8459
18.46 216.8459
18.47 216.8459
18.48 216.8459
18.49 217.6302
18.50 219.2072
18.51 220.7957
18.52 221.5942
18.53 222.3956
18.54 222.3956
18.55 222.3956
18.56 222.3956
18.57 222.3956
18.58 222.3956
18.59 221.5942
18.60 221.5942
18.61 221.5942
18.62 221.5942
18.63 222.3956
18.64 224.0072
18.65 224.8174
18.66 224.8174
18.67 224.8174
18.68 224.8174
18.69 224.8174
18.70 224.0072
18.71 224.0072
18.72 224.0072
18.73 224.0072
18.74 224.0072
18.75 223.2000
18.76 223.2000
18.77 223.2000
18.78 222.3956
18.79 221.5942
18.80 221.5942
18.81 221.5942
18.82 222.3956
18.83 223.2000
18.84 224.8174
18.85 225.6305
18.86 225.6305
18.87 226.4465
18.88 230.5711
18.89 231.4050
18.90 231.4050
18.91 231.4050
18.92 232.2419
18.93 232.2419
18.94 232.2419
18.95 259.7434
18.96 259.7434
18.97 259.7434
18.98 256.9454
18.99 256.0195
19.00 254.1776
19.01 253.2616
19.02 253.2616
19.03 253.2616
19.04 253.2616
19.05 252.3490
19.06 249.6307
19.07 248.7311
19.08 247.8348
19.09 243.4013
19.10 239.9117
19.11 233.0819
19.12 219.2072
19.13 218.4173
19.14 208.4034
19.15 206.9040
19.16 200.2895
19.17 194.5877
19.18 193.1877
19.19 192.4916
19.20 191.1067
19.21 189.0481
19.22 184.3305
19.23 182.3449
19.24 177.7946
19.25 171.4905
19.26 168.4227
19.27 166.6085
19.28 166.0081
19.29 166.0081
19.30 166.0081
19.31 166.0081
19.32 166.0081
19.33 166.0081
19.34 166.0081
19.35 166.0081
19.36 166.6085
19.37 167.2111
19.38 167.8158
19.39 168.4227
19.40 169.0319
19.41 169.0319
19.42 169.6432
19.43 170.2567
19.44 171.4905
19.45 171.4905
19.46 171.4905
19.47 171.4905
19.48 171.4905
19.49 171.4905
19.50 171.4905
19.51 171.4905
19.52 171.4905
19.53 170.2567
19.54 170.2567
19.55 170.2567
19.56 169.6432
19.57 169.6432
19.58 169.0319
19.59 168.4227
19.60 166.6085
19.61 166.0081
19.62 157.8262
19.63 157.8262
19.64 157.8262
19.65 157.8262
19.66 160.1219
19.67 165.4099
19.68 166.6085
19.69 168.4227
19.70 168.4227
19.71 168.4227
19.72 0.0000
19.73 0.0000
19.74 0.0000
19.75 0.0000
19.76 0.0000
19.77 0.0000
19.78 0.0000
19.79 0.0000
19.80 0.0000
19.81 0.0000
19.82 0.0000
19.83 0.0000
19.84 0.0000
19.85 0.0000
19.86 0.0000
19.87 192.4916
19.88 192.4916
19.89 193.1877
19.90 193.8864
19.91 193.8864
19.92 193.8864
19.93 193.8864
19.94 193.8864
19.95 193.1877
19.96 193.1877
19.97 192.4916
19.98 192.4916
19.99 191.7979
20.00 191.7979
20.01 190.4180
20.02 189.7318
20.03 189.0481
20.04 189.0481
20.05 189.0481
20.06 188.3669
20.07 188.3669
20.08 188.3669
20.09 188.3669
20.10 187.6881
20.11 187.0117
20.12 187.0117
20.13 187.0117
20.14 187.0117
20.15 187.6881
20.16 187.6881
20.17 187.6881
20.18 187.6881
20.19 187.6881
20.20 187.0117
20.21 187.0117
20.22 187.0117
20.23 187.6881
20.24 187.6881
20.25 187.6881
20.26 187.6881
20.27 187.6881
20.28 187.6881
20.29 188.3669
20.30 188.3669
20.31 190.4180
20.32 191.1067
20.33 191.1067
20.34 191.1067
20.35 189.7318
20.36 189.0481
20.37 189.0481
20.38 189.0481
20.39 189.0481
20.40 189.0481
20.41 189.7318
20.42 189.7318
20.43 189.7318
20.44 189.0481
20.45 189.0481
20.46 189.0481
20.47 189.0481
20.48 189.0481
20.49 189.0481
20.50 189.0481
20.51 189.0481
20.52 188.3669
20.53 0.0000
20.54 0.0000
20.55 0.0000
20.56 0.0000
20.57 0.0000
20.58 0.0000
20.59 0.0000
20.60 0.0000
20.61 0.0000
20.62 0.0000
20.63 0.0000
20.64 0.0000
20.65 0.0000
20.66 0.0000
20.67 0.0000
20.68 0.0000
20.69 0.0000
20.70 0.0000
20.71 0.0000
20.72 0.0000
20.73 0.0000
20.74 0.0000
20.75 0.0000
20.76 0.0000
20.77 0.0000
20.78 0.0000
20.79 0.0000
20.80 0.0000
20.81 0.0000
20.82 0.0000
20.83 0.0000
20.84 0.0000
20.85 0.0000
20.86 0.0000
20.87 0.0000
20.88 0.0000
20.89 0.0000
20.90 0.0000
20.91 0.0000
20.92 0.0000
20.93 0.0000
20.94 0.0000
20.95 0.0000
20.96 0.0000
20.97 0.0000
20.98 0.0000
20.99 0.0000
21.00 0.0000
21.01 0.0000
21.02 0.0000
21.03 0.0000
21.04 0.0000
21.05 0.0000
21.06 0.0000
21.07 0.0000
21.08 0.0000
21.09 0.0000
21.10 0.0000
21.11 0.0000
21.12 0.0000
21.13 0.0000
21.14 0.0000
21.15 0.0000
21.16 0.0000
21.17 0.0000
21.18 0.0000
21.19 0.0000
21.20 0.0000
21.21 0.0000
21.22 0.0000
21.23 0.0000
21.24 0.0000
21.25 0.0000
21.26 0.0000
21.27 0.0000
21.28 0.0000
21.29 0.0000
21.30 0.0000
21.31 0.0000
21.32 0.0000
21.33 0.0000
21.34 0.0000
21.35 0.0000
21.36 0.0000
21.37 0.0000
21.38 0.0000
21.39 0.0000
21.40 0.0000
21.41 0.0000
21.42 0.0000
21.43 0.0000
21.44 0.0000
21.45 0.0000
21.46 0.0000
21.47 0.0000
21.48 0.0000
21.49 0.0000
21.50 182.3449
21.51 182.3449
21.52 182.3449
21.53 182.3449
21.54 182.3449
21.55 183.0044
21.56 183.6663
21.57 184.3305
21.58 185.6663
21.59 186.3378
21.60 187.0117
21.61 188.3669
21.62 188.3669
21.63 188.3669
21.64 188.3669
21.65 188.3669
21.66 187.0117
21.67 187.0117
21.68 187.0117
21.69 187.0117
21.70 187.6881
21.71 187.6881
21.72 187.6881
21.73 187.6881
21.74 187.6881
21.75 187.0117
21.76 187.0117
21.77 186.3378
21.78 186.3378
21.79 186.3378
21.80 186.3378
21.81 187.0117
21.82 187.0117
21.83 187.0117
21.84 187.0117
21.85 187.0117
21.86 187.0117
21.87 187.0117
21.88 187.0117
21.89 187.0117
21.90 187.0117
21.91 187.0117
21.92 187.6881
21.93 187.6881
21.94 188.3669
21.95 188.3669
21.96 188.3669
21.97 188.3669
21.98 189.0481
21.99 189.7318
22.00 191.7979
22.01 193.8864
22.02 193.8864
22.03 193.8864
22.04 193.8864
22.05 191.7979
22.06 189.0481
22.07 184.3305
22.08 177.7946
22.09 175.8794
22.10 171.4905
22.11 169.0319
22.12 168.4227
22.13 166.0081
22.14 160.1219
22.15 158.3970
22.16 155.5635
22.17 155.0029
22.18 155.0029
22.19 155.0029
22.20 155.0029
22.21 155.0029
22.22 155.0029
22.23 155.0029
22.24 155.0029
22.25 155.0029
22.26 155.0029
22.27 155.0029
22.28 147.8964
22.29 147.8964
22.30 147.8964
22.31 147.8964
22.32 0.0000
22.33 0.0000
22.34 0.0000
22.35 0.0000
22.36 0.0000
22.37 0.0000
22.38 0.0000
22.39 0.0000
22.40 0.0000
22.41 0.0000
22.42 0.0000
22.43 0.0000
22.44 0.0000
22.45 0.0000
22.46 0.0000
22.47 0.0000
22.48 0.0000
22.49 0.0000
22.50 0.0000
22.51 0.0000
22.52 0.0000
22.53 0.0000
22.54 0.0000
22.55 0.0000
22.56 0.0000
22.57 0.0000
22.58 0.0000
22.59 0.0000
22.60 0.0000
22.61 0.0000
22.62 0.0000
22.63 0.0000
22.64 0.0000
22.65 0.0000
22.66 0.0000
22.67 0.0000
22.68 0.0000
22.69 0.0000
22.70 0.0000
22.71 0.0000
22.72 0.0000
22.73 0.0000
22.74 0.0000
22.75 0.0000
22.76 0.0000
22.77 0.0000
22.78 0.0000
22.79 0.0000
22.80 0.0000
22.81 0.0000
22.82 0.0000
22.83 0.0000
22.84 200.2895
22.85 200.2895
22.86 200.2895
22.87 198.1320
22.88 196.7066
22.89 196.7066
22.90 196.7066
22.91 198.8486
22.92 199.5677
22.93 199.5677
22.94 200.2895
22.95 200.2895
22.96 200.2895
22.97 200.2895
22.98 0.0000
22.99 0.0000
23.00 0.0000
23.01 0.0000
23.02 0.0000
23.03 0.0000
23.04 0.0000
23.05 0.0000
23.06 0.0000
23.07 0.0000
23.08 0.0000
23.09 0.0000
23.10 0.0000
23.11 0.0000
23.12 0.0000
23.13 168.4227
23.14 168.4227
23.15 168.4227
23.16 166.6085
23.17 166.0081
23.18 165.4099
23.19 157.8262
23.20 157.8262
23.21 157.8262
23.22 157.8262
23.23 157.2575
23.24 155.5635
23.25 155.5635
23.26 155.0029
23.27 155.0029
23.28 154.4443
23.29 146.3033
23.30 146.3033
23.31 145.7760
23.32 145.7760
23.33 145.2507
23.34 144.7273
23.35 143.1683
23.36 143.1683
23.37 142.6524
23.38 142.6524
23.39 142.6524
23.40 140.1005
23.41 139.5956
23.42 139.0926
23.43 139.0926
23.44 134.6459
23.45 130.3414
23.46 130.3414
23.47 130.3414
23.48 0.0000
23.49 0.0000
23.50 0.0000
23.51 0.0000
23.52 0.0000
23.53 0.0000
23.54 0.0000
23.55 0.0000
23.56 0.0000
23.57 0.0000
23.58 0.0000
23.59 0.0000
23.60 0.0000
23.61 0.0000
23.62 0.0000
23.63 0.0000
23.64 0.0000
23.65 0.0000
23.66 0.0000
23.67 0.0000
23.68 0.0000
23.69 0.0000
23.70 0.0000
23.71 0.0000
23.72 0.0000
23.73 0.0000
23.74 0.0000
23.75 0.0000
23.76 0.0000
23.77 0.0000
23.78 0.0000
23.79 0.0000
23.80 0.0000
23.81 0.0000
23.82 0.0000
23.83 0.0000
23.84 0.0000
23.85 0.0000
23.86 0.0000
23.87 0.0000
23.88 0.0000
23.89 0.0000
23.90 0.0000
23.91 0.0000
23.92 0.0000
23.93 0.0000
23.94 0.0000
23.95 0.0000
23.96 0.0000
23.97 0.0000
23.98 0.0000
23.99 0.0000
24.00 0.0000
24.01 0.0000
24.02 0.0000
24.03 0.0000
24.04 0.0000
24.05 0.0000
24.06 0.0000
24.07 0.0000
24.08 0.0000
24.09 0.0000
24.10 0.0000
24.11 0.0000
24.12 0.0000
24.13 0.0000
24.14 0.0000
24.15 0.0000
24.16 0.0000
24.17 0.0000
24.18 0.0000
24.19 0.0000
24.20 0.0000
24.21 0.0000
24.22 0.0000
24.23 0.0000
24.24 0.0000
24.25 0.0000
24.26 0.0000
24.27 0.0000
24.28 0.0000
24.29 0.0000
24.30 0.0000
24.31 0.0000
24.32 0.0000
24.33 0.0000
24.34 0.0000
24.35 0.0000
24.36 0.0000
24.37 0.0000
24.38 0.0000
24.39 0.0000
24.40 0.0000
24.41 0.0000
24.42 0.0000
24.43 0.0000
24.44 0.0000
24.45 0.0000
24.46 0.0000
24.47 0.0000
24.48 0.0000
24.49 0.0000
24.50 0.0000
24.51 0.0000
24.52 0.0000
24.53 0.0000
24.54 0.0000
24.55 0.0000
24.56 0.0000
24.57 0.0000
24.58 0.0000
24.59 0.0000
24.60 0.0000
24.61 0.0000
24.62 0.0000
24.63 0.0000
24.64 0.0000
24.65 0.0000
24.66 0.0000
24.67 0.0000
24.68 0.0000
24.69 0.0000
24.70 0.0000
24.71 0.0000
24.72 0.0000
24.73 0.0000
24.74 0.0000
24.75 0.0000
24.76 0.0000
24.77 0.0000
24.78 0.0000
24.79 0.0000
24.80 0.0000
24.81 0.0000
24.82 0.0000
24.83 0.0000
24.84 0.0000
24.85 0.0000
24.86 0.0000
24.87 0.0000
24.88 0.0000
24.89 0.0000
24.90 0.0000
24.91 0.0000
24.92 0.0000
24.93 0.0000
24.94 0.0000
24.95 0.0000
24.96 0.0000
24.97 0.0000
24.98 0.0000
24.99 0.0000
25.00 0.0000
25.01 0.0000
25.02 0.0000
25.03 0.0000
25.04 0.0000
25.05 0.0000
25.06 0.0000
25.07 0.0000
25.08 0.0000
25.09 0.0000
25.10 0.0000
25.11 0.0000
25.12 0.0000
25.13 0.0000
25.14 0.0000
25.15 0.0000
25.16 0.0000
25.17 0.0000
25.18 0.0000
25.19 0.0000
25.20 0.0000
25.21 0.0000
25.22 0.0000
25.23 0.0000
25.24 0.0000
25.25 0.0000
25.26 0.0000
25.27 0.0000
25.28 0.0000
25.29 0.0000
25.30 0.0000
25.31 0.0000
25.32 0.0000
25.33 0.0000
25.34 0.0000
25.35 0.0000
25.36 0.0000
25.37 0.0000
25.38 0.0000
25.39 0.0000
25.40 0.0000
25.41 0.0000
25.42 0.0000
25.43 0.0000
25.44 0.0000
25.45 0.0000
25.46 0.0000
25.47 0.0000
25.48 0.0000
25.49 0.0000
25.50 0.0000
25.51 0.0000
25.52 0.0000
25.53 0.0000
25.54 0.0000
25.55 0.0000
25.56 0.0000
25.57 0.0000
25.58 0.0000
25.59 0.0000
25.60 0.0000
25.61 0.0000
25.62 0.0000
25.63 0.0000
25.64 0.0000
25.65 0.0000
25.66 0.0000
25.67 0.0000
25.68 0.0000
25.69 0.0000
25.70 0.0000
25.71 0.0000
25.72 0.0000
25.73 0.0000
25.74 0.0000
25.75 0.0000
25.76 0.0000
25.77 0.0000
25.78 0.0000
25.79 0.0000
25.80 153.8878
25.81 153.8878
25.82 153.8878
25.83 152.7807
25.84 151.6815
25.85 151.6815
25.86 151.6815
25.87 151.6815
25.88 151.6815
25.89 151.6815
25.90 151.1349
25.91 151.1349
25.92 151.1349
25.93 150.0476
25.94 150.0476
25.95 149.5069
25.96 149.5069
25.97 149.5069
25.98 149.5069
25.99 149.5069
26.00 149.5069
26.01 148.9681
26.02 148.9681
26.03 148.9681
26.04 148.4313
26.05 148.4313
26.06 148.4313
26.07 148.4313
26.08 148.4313
26.09 148.4313
26.10 148.4313
26.11 148.4313
26.12 148.4313
26.13 148.4313
26.14 148.9681
26.15 148.9681
26.16 148.9681
26.17 148.9681
26.18 148.9681
26.19 148.4313
26.20 148.4313
26.21 148.4313
26.22 148.4313
26.23 148.4313
26.24 147.8964
26.25 147.8964
26.26 147.3634
26.27 146.3033
26.28 145.7760
26.29 145.7760
26.30 145.2507
26.31 145.2507
26.32 145.2507
26.33 145.2507
26.34 145.2507
26.35 146.3033
26.36 146.3033
26.37 146.3033
26.38 146.8324
26.39 146.8324
26.40 146.8324
26.41 146.3033
26.42 146.3033
26.43 146.3033
26.44 145.7760
26.45 145.2507
26.46 145.2507
26.47 145.2507
26.48 145.2507
26.49 145.2507
26.50 146.8324
26.51 146.8324
26.52 146.8324
26.53 0.0000
26.54 0.0000
26.55 0.0000
26.56 0.0000
26.57 0.0000
26.58 0.0000
26.59 0.0000
26.60 0.0000
26.61 0.0000
26.62 0.0000
26.63 0.0000
26.64 0.0000
26.65 0.0000
26.66 0.0000
26.67 0.0000
26.68 0.0000
26.69 0.0000
26.70 0.0000
26.71 0.0000
26.72 0.0000
26.73 0.0000
26.74 0.0000
26.75 0.0000
26.76 0.0000
26.77 0.0000
26.78 0.0000
26.79 0.0000
26.80 0.0000
26.81 0.0000
26.82 0.0000
26.83 0.0000
26.84 0.0000
26.85 0.0000
26.86 0.0000
26.87 0.0000
26.88 0.0000
26.89 0.0000
26.90 0.0000
26.91 0.0000
26.92 0.0000
26.93 0.0000
26.94 0.0000
26.95 0.0000
26.96 0.0000
26.97 0.0000
26.98 0.0000
26.99 0.0000
27.00 0.0000
27.01 0.0000
27.02 0.0000
27.03 0.0000
27.04 0.0000
27.05 0.0000
27.06 0.0000
27.07 0.0000
27.08 0.0000
27.09 0.0000
27.10 0.0000
27.11 0.0000
27.12 0.0000
27.13 0.0000
27.14 0.0000
27.15 0.0000
27.16 0.0000
27.17 0.0000
27.18 0.0000
27.19 0.0000
27.20 0.0000
27.21 0.0000
27.22 0.0000
27.23 0.0000
27.24 0.0000
27.25 0.0000
27.26 0.0000
27.27 0.0000
27.28 0.0000
27.29 0.0000
27.30 0.0000
27.31 0.0000
27.32 0.0000
27.33 0.0000
27.34 0.0000
27.35 0.0000
27.36 0.0000
27.37 0.0000
27.38 0.0000
27.39 0.0000
27.40 0.0000
27.41 0.0000
27.42 0.0000
27.43 0.0000
27.44 0.0000
27.45 0.0000
27.46 0.0000
27.47 0.0000
27.48 0.0000
27.49 0.0000
27.50 0.0000
27.51 0.0000
27.52 0.0000
27.53 0.0000
27.54 0.0000
27.55 0.0000
27.56 0.0000
27.57 0.0000
27.58 0.0000
